0.0,0.0,1.2,0.0,0.0,2.8	0.0,0.0,1.0,0.0,0.0,3.0
0.0,0.0,1.0,1.0,0.0,1.8	0.0,0.0,1.0,1.0,0.0,2.0
0.0,1.2,0.0,0.0,0.0,2.3	0.0,2.0,0.0,0.0,0.0,1.0
0.0,1.0,1.0,0.6,0.1,1.0	0.0,1.0,2.0,1.0,0.0,4.0
0.0,0.0,0.0,0.0,1.0,1.0	0.0,0.0,0.0,0.0,1.0,0.0
0.0,0.0,0.0,1.0,1.3,1.0	0.0,0.0,0.0,1.0,1.0,2.0
0.0,0.0,0.0,0.0,0.0,7.9	0.0,0.0,0.0,0.0,0.0,3.0
1.7,0.0,0.0,0.0,0.0,2.0	1.0,0.0,0.0,0.0,0.0,4.0
1.3,0.0,0.0,0.0,0.0,2.3	1.0,0.0,0.0,0.0,0.0,3.0
0.0,0.0,0.0,0.0,1.2,2.5	0.0,0.0,0.0,0.0,1.0,3.0
0.0,0.0,0.0,0.0,1.2,2.4	0.0,0.0,0.0,0.0,1.0,0.0
0.0,0.0,1.2,0.0,0.0,1.3	0.0,0.0,2.0,0.0,0.0,0.0
0.0,1.9,0.0,0.0,0.0,2.1	0.0,1.0,0.0,0.0,0.0,4.0
1.1,0.0,0.0,0.0,0.0,3.2	1.0,0.0,0.0,0.0,0.0,3.0
0.0,0.0,0.0,0.0,1.4,3.3	0.0,0.0,0.0,0.0,1.0,4.0
0.0,1.0,0.0,0.0,0.0,1.76666666667	0.0,1.0,0.0,0.0,0.0,2.0
0.0,0.0,0.0,1.2,0.0,1.9	0.0,0.0,0.0,2.0,0.0,2.0
0.0,0.0,1.5,0.0,0.0,1.3	0.0,0.0,2.0,0.0,0.0,1.0
1.2,0.0,0.0,0.0,0.0,1.6	1.0,0.0,0.0,0.0,0.0,2.0
1.0,0.0,0.0,0.0,0.0,0.5	1.0,0.0,0.0,0.0,0.0,2.0
0.0,0.0,0.0,1.1,0.0,1.8	0.0,0.0,0.0,1.0,0.0,3.0
0.0,1.4,0.0,0.0,0.0,3.2	0.0,2.0,0.0,0.0,0.0,3.0
0.0,0.0,0.0,0.0,0.0,3.3	0.0,0.0,0.0,0.0,0.0,3.0
1.2,0.0,0.0,0.0,0.0,1.5	1.0,0.0,0.0,0.0,0.0,0.0
0.0,1.7,0.0,0.0,0.0,3.2	0.0,1.0,0.0,0.0,0.0,5.0
0.0,0.0,1.0,0.0,0.0,0.1	0.0,0.0,2.0,0.0,0.0,0.0
0.0,0.0,0.0,0.0,1.4,1.9	0.0,0.0,0.0,0.0,1.0,2.0
0.0,0.0,0.0,1.7,0.0,2.2	0.0,0.0,0.0,1.0,0.0,1.0
0.0,0.0,0.0,0.0,0.0,4.1	0.0,0.0,0.0,0.0,0.0,4.0
0.0,0.0,0.0,0.0,1.1,0.9	0.0,0.0,0.0,0.0,1.0,1.0
1.5402020202,0.0,0.0,0.0,0.0,2.96777777778	2.0,0.0,0.0,0.0,0.0,4.0
0.0,1.2,0.0,0.0,0.0,1.7	0.0,0.0,0.0,0.0,0.0,0.0
0.0,0.0,0.0,0.0,1.4,1.7	0.0,0.0,0.0,0.0,1.0,3.0
0.0,0.0,0.0,1.0,0.0,1.3	0.0,0.0,0.0,1.0,0.0,1.0
0.0,1.1125,0.0,0.0,0.0,0.99375	0.0,1.0,0.0,0.0,0.0,0.0
0.0,0.0,1.4,0.0,0.0,2.4	0.0,0.0,1.0,0.0,0.0,4.0
1.4,0.3,0.1,0.0,1.2,3.1	1.0,0.0,0.0,0.0,1.0,5.0
0.0,1.6,0.0,0.0,0.0,5.8	0.0,2.0,0.0,0.0,0.0,4.0
0.0,0.0,1.0,0.0,0.0,0.8	0.0,0.0,1.0,0.0,0.0,0.0
0.0,1.1,0.0,0.0,0.0,2.1	0.0,3.0,0.0,0.0,0.0,7.0
0.0,1.0,0.0,0.0,0.0,1.9	0.0,1.0,0.0,0.0,0.0,4.0
0.0,0.0,0.0,1.1,0.0,1.0	0.0,0.0,0.0,1.0,0.0,0.0
0.0,0.0,0.0,0.0,1.4,2.8	0.0,0.0,0.0,0.0,1.0,2.0
0.0,1.7,0.0,0.0,0.0,1.6	0.0,2.0,0.0,0.0,0.0,2.0
0.0,0.0,0.0,0.0,1.10535714286,0.933928571429	0.0,0.0,0.0,0.0,1.0,1.0
0.0,0.0,1.7,0.0,0.0,2.4	0.0,0.0,2.0,0.0,0.0,2.0
0.0,1.0,0.0,0.0,0.0,1.9	0.0,1.0,0.0,0.0,0.0,3.0
0.0,0.0,0.0,1.2,0.0,1.2	0.0,0.0,0.0,1.0,0.0,2.0
0.0,0.0,0.0,1.53333333333,0.0,2.7	0.0,0.0,0.0,2.0,0.0,3.0
0.0,0.0,0.0,0.0,0.0,2.0	0.0,0.0,0.0,0.0,0.0,2.0
1.2,0.0,0.0,0.0,0.0,1.2	2.0,0.0,0.0,0.0,0.0,2.0
0.0,0.0,0.0,0.0,1.0,1.7	0.0,0.0,0.0,0.0,1.0,2.0
0.0,0.0,0.0,0.0,1.0,1.8	0.0,0.0,0.0,0.0,3.0,0.0
0.0,0.0,0.0,1.05,0.0,1.0	0.0,0.0,0.0,1.0,0.0,0.0
0.0,0.0,0.0,0.0,1.6,2.3	0.0,0.0,0.0,0.0,1.0,3.0
0.0,1.3,0.0,0.0,0.4,1.3	0.0,2.0,0.0,0.0,1.0,0.0
0.0,1.2,0.0,0.0,0.0,0.4	0.0,1.0,0.0,0.0,0.0,1.0
1.0,0.0,0.0,0.0,0.0,1.2	1.0,0.0,0.0,0.0,0.0,0.0
0.0,0.0,0.0,1.0,0.0,2.6	0.0,0.0,0.0,1.0,0.0,2.0
0.0,0.0,0.0,0.0,1.175,2.175	0.0,0.0,0.0,0.0,2.0,1.0
1.1,0.0,0.0,0.0,0.0,0.8	1.0,0.0,0.0,0.0,0.0,2.0
0.0,0.0,0.0,0.0,1.0,0.2	0.0,0.0,0.0,0.0,1.0,0.0
0.0,0.0,1.2,0.0,0.0,1.53333333333	0.0,0.0,1.0,0.0,0.0,1.0
1.0,0.0,0.1,0.3,0.2,2.1	1.0,0.0,0.0,1.0,0.0,0.0
0.0,0.0,1.0,0.0,0.0,1.325	0.0,0.0,1.0,0.0,0.0,2.0
0.0,0.0,1.1,1.2,0.0,3.4	0.0,0.0,1.0,1.0,0.0,4.0
1.51,0.0,0.0,0.0,0.0,1.31	1.0,0.0,0.0,0.0,0.0,3.0
0.0,1.4,0.0,0.0,0.0,0.84375	0.0,1.0,0.0,0.0,0.0,1.0
0.0,0.0,0.0,1.1,0.0,1.1	0.0,0.0,0.0,2.0,0.0,0.0
0.0,0.0,1.0,0.0,0.0,0.2	0.0,0.0,1.0,0.0,0.0,0.0
0.0,0.0,0.0,1.0,0.0,1.4	0.0,0.0,0.0,1.0,0.0,2.0
0.0,0.0,1.0,0.0,0.1,3.3	0.0,0.0,1.0,0.0,0.0,3.0
0.0,0.0,0.0,0.0,1.2,1.1	0.0,0.0,0.0,0.0,1.0,3.0
1.1,0.1,0.0,0.0,0.2,1.3	2.0,0.0,0.0,0.0,0.0,4.0
0.0,0.0,0.0,1.1,0.0,2.0	0.0,0.0,0.0,1.0,0.0,0.0
1.0,0.0,0.0,0.1,0.0,1.3	1.0,0.0,0.0,0.0,0.0,1.0
0.0,0.0,0.0,0.0,0.0,2.5	0.0,0.0,0.0,0.0,0.0,2.0
1.16666666667,0.0,0.0,0.0,0.0,1.33333333333	1.0,0.0,0.0,0.0,0.0,0.0
0.0,0.0,1.8,0.0,0.0,2.0	0.0,0.0,1.0,0.0,0.0,3.0
0.0,0.0,1.3,0.0,0.0,1.5	0.0,0.0,2.0,0.0,0.0,1.0
0.0,0.0,0.0,1.1,0.0,3.0	0.0,0.0,0.0,1.0,0.0,3.0
0.0,0.0,0.0,0.0,1.5,2.6	0.0,0.0,0.0,0.0,1.0,3.0
0.0,1.2,0.0,0.0,0.0,2.9	0.0,1.0,0.0,0.0,0.0,4.0
1.2,0.0,0.0,0.0,0.0,0.7	2.0,0.0,0.0,0.0,0.0,1.0
1.0,0.0,0.0,0.0,0.7,1.4	1.0,0.0,0.0,0.0,1.0,0.0
0.0,0.0,0.0,0.0,1.3,1.8	0.0,0.0,0.0,0.0,1.0,0.0
0.0,0.0,0.0,1.2,0.0,1.55	0.0,0.0,0.0,1.0,0.0,2.0
0.0,0.0,0.0,1.0,0.0,3.1	0.0,0.0,0.0,2.0,0.0,3.0
0.0,0.0,0.0,0.0,1.0,1.1	0.0,0.0,0.0,0.0,1.0,2.0
0.0,0.0,0.0,1.2,0.0,2.0	0.0,0.0,0.0,1.0,0.0,1.0
0.0,0.0,1.1,0.0,0.0,2.4	0.0,0.0,1.0,0.0,0.0,3.0
0.0,0.0,0.0,0.0,0.0,5.1	0.0,0.0,0.0,0.0,0.0,4.0
0.0,0.0,1.2,0.0,0.0,2.1	0.0,0.0,2.0,0.0,0.0,3.0
0.0,0.0,0.0,1.0,0.0,2.1	0.0,0.0,0.0,1.0,0.0,3.0
0.0,0.0,0.0,0.0,0.0,2.59	0.0,0.0,0.0,0.0,0.0,3.0
0.0,0.0,0.0,1.0,0.0,1.1	0.0,0.0,0.0,1.0,0.0,0.0
0.0,1.3,0.0,0.0,0.0,1.6	0.0,1.0,0.0,0.0,0.0,6.0
0.0,0.0,0.0,0.0,1.0,0.6	0.0,0.0,0.0,0.0,1.0,0.0
0.0,0.0,0.0,0.0,1.9,2.9	0.0,0.0,0.0,0.0,2.0,2.0
0.0,0.0,0.0,0.1,1.1,1.3	0.0,0.0,0.0,0.0,1.0,2.0
1.5,0.0,0.0,0.0,0.0,3.0	1.0,0.0,0.0,0.0,0.0,3.0
0.0,0.0,1.0,0.0,0.0,1.15	0.0,0.0,1.0,0.0,0.0,1.0
0.0,0.0,1.4,0.0,0.0,1.3	0.0,0.0,1.0,0.0,0.0,2.0
1.5,0.0,0.0,0.0,0.0,2.98571428571	2.0,0.0,0.0,0.0,0.0,5.0
0.0,1.8,0.0,0.0,0.0,3.2	0.0,2.0,0.0,0.0,0.0,2.0
0.0,0.0,0.0,0.0,1.0,1.86666666667	0.0,0.0,0.0,0.0,1.0,1.0
0.0,1.1,0.0,0.0,0.0,1.55	0.0,2.0,0.0,0.0,0.0,2.0
0.0,0.0,1.8,0.0,0.0,4.1	0.0,0.0,2.0,0.0,0.0,5.0
0.0,0.0,0.0,0.0,0.0,2.6	0.0,0.0,0.0,0.0,0.0,7.0
0.0,0.0,1.3,0.1,0.0,2.2	0.0,0.0,1.0,0.0,0.0,7.0
1.3,0.0,0.0,0.0,0.0,2.0	1.0,0.0,0.0,0.0,0.0,2.0
1.0,0.0,0.0,0.0,0.0,1.3	1.0,0.0,0.0,0.0,0.0,0.0
1.8,0.0,0.0,0.0,0.0,2.1	2.0,0.0,0.0,0.0,0.0,2.0
1.08,0.0,0.0,0.0,0.0,0.42	1.0,0.0,0.0,0.0,0.0,1.0
0.0,0.0,0.0,0.0,1.0,1.2	0.0,0.0,0.0,0.0,1.0,1.0
0.0,0.0,0.0,1.4,0.0,1.8	0.0,0.0,0.0,1.0,0.0,1.0
0.0,0.0,1.0,0.0,0.0,2.2	0.0,0.0,1.0,0.0,0.0,0.0
0.0,1.1,0.0,0.0,0.0,1.0	0.0,1.0,0.0,0.0,0.0,2.0
0.0,0.0,0.0,1.6,0.0,4.8	0.0,0.0,0.0,2.0,0.0,4.0
0.0,0.0,1.3,0.0,0.1,1.4	0.0,0.0,1.0,0.0,0.0,3.0
0.0,1.4,0.0,0.0,0.0,1.9	0.0,1.0,0.0,0.0,0.0,2.0
0.0,1.1,0.0,0.0,0.0,1.3	0.0,1.0,0.0,0.0,0.0,0.0
0.0,0.0,1.0,0.0,0.0,1.3	0.0,0.0,1.0,0.0,0.0,3.0
0.0,0.0,0.0,1.0,0.0,1.35	0.0,0.0,0.0,1.0,0.0,1.0
1.06976249189,0.0,0.0,0.0,0.0,1.28696086662	1.0,0.0,0.0,0.0,0.0,2.0
0.0,0.0,0.0,0.0,1.2,1.44	0.0,0.0,0.0,0.0,1.0,2.0
0.0,0.0,1.8,0.0,0.0,1.7	0.0,0.0,1.0,0.0,0.0,4.0
0.0,1.2,0.0,0.0,0.0,1.2	0.0,1.0,0.0,0.0,0.0,3.0
0.0,1.0,0.0,0.0,0.0,1.4	0.0,1.0,0.0,0.0,0.0,1.0
0.0,0.0,0.0,0.0,1.3,2.7	0.0,0.0,0.0,0.0,1.0,3.0
0.0,0.0,0.0,1.0,0.0,0.3	0.0,0.0,0.0,1.0,0.0,0.0
1.8,0.0,0.0,0.0,0.0,0.4	2.0,0.0,0.0,0.0,0.0,0.0
0.0,0.0,1.2,0.0,0.0,1.4	0.0,0.0,1.0,0.0,0.0,3.0
0.0,0.0,1.0,0.0,0.0,0.2	0.0,0.0,1.0,0.0,0.0,0.0
0.0,0.0,0.0,0.8,0.0,0.9	0.0,0.0,0.0,1.0,0.0,2.0
0.0,0.0,0.0,0.0,1.2,0.8	0.0,0.0,0.0,0.0,1.0,3.0
0.0,0.0,0.0,0.0,1.3,2.4	0.0,0.0,0.0,0.0,1.0,3.0
0.0,0.0,1.3,0.0,0.0,2.3	0.0,0.0,1.0,0.0,0.0,2.0
0.0,1.4,0.0,0.0,0.0,1.4	0.0,1.0,0.0,0.0,0.0,1.0
0.0,0.0,0.0,0.0,1.1,0.7	0.0,0.0,0.0,0.0,1.0,0.0
0.0,1.2,0.0,0.0,0.0,3.8	0.0,1.0,0.0,0.0,0.0,4.0
0.0,0.0,1.2,0.0,0.0,1.8	0.0,0.0,1.0,0.0,0.0,2.0
1.3,0.0,0.0,0.1,0.0,2.1	1.0,0.0,0.0,0.0,0.0,2.0
0.0,1.0,0.0,0.0,0.0,1.2	0.0,2.0,0.0,0.0,0.0,0.0
0.0,0.3,0.5,0.2,0.1,3.4	0.0,1.0,0.0,0.0,0.0,4.0
0.0,1.3,0.0,0.0,0.1,1.3	0.0,1.0,0.0,0.0,0.0,3.0
0.0,0.0,1.2,0.0,0.0,1.7	0.0,0.0,1.0,0.0,0.0,4.0
1.4,0.0,0.0,0.0,0.0,1.0	2.0,0.0,0.0,0.0,0.0,1.0
0.5,0.0,0.0,0.0,1.81565934066,4.50508241758	0.0,0.0,0.0,0.0,2.0,5.0
0.0,0.0,0.0,1.2,0.0,1.6	0.0,0.0,0.0,1.0,0.0,2.0
0.0,0.0,0.0,0.0,0.0,4.2	0.0,0.0,0.0,0.0,0.0,4.0
0.0,1.2,0.0,0.0,0.0,2.5	0.0,2.0,0.0,0.0,0.0,2.0
0.0,0.0,1.0,0.0,0.0,1.3	0.0,0.0,1.0,0.0,0.0,1.0
0.0,0.0,0.0,0.0,2.06666666667,4.73333333333	0.0,0.0,0.0,0.0,2.0,4.0
0.0,0.0,0.0,1.425,0.0,2.425	0.0,0.0,0.0,2.0,0.0,4.0
1.0,0.0,0.0,0.0,0.0,0.9	1.0,0.0,0.0,0.0,0.0,0.0
0.0,0.0,0.0,0.0,0.0,6.21666666667	0.0,0.0,0.0,0.0,0.0,3.0
0.0,0.0,0.0,1.2,0.0,1.4	0.0,0.0,0.0,1.0,0.0,2.0
0.0,0.0,1.2,0.0,0.0,2.1	0.0,0.0,2.0,0.0,0.0,1.0
0.0,0.0,0.0,1.9,0.0,4.6	0.0,0.0,0.0,2.0,0.0,6.0
0.0,0.0,1.085,0.0,0.0,2.43	0.0,0.0,1.0,0.0,0.0,4.0
0.0,0.0,0.0,0.0,0.0,2.4	0.0,0.0,0.0,0.0,0.0,4.0
0.0,0.1,0.5,1.2,1.1,3.3	0.0,0.0,1.0,1.0,1.0,3.0
0.0,0.0,1.0,0.4,0.0,1.7	0.0,0.0,1.0,1.0,0.0,2.0
0.0,0.0,1.4,0.0,0.0,1.1	0.0,0.0,1.0,0.0,0.0,0.0
0.0,0.0,1.0,0.0,0.1,2.6	0.0,0.0,2.0,0.0,0.0,1.0
0.0,0.0,0.0,0.0,0.0,2.28333333333	0.0,0.0,0.0,0.0,0.0,3.0
1.7,0.3,0.2,0.0,0.0,2.1	2.0,0.0,0.0,0.0,0.0,0.0
0.0,0.0,1.2,0.0,0.0,0.9	0.0,0.0,1.0,0.0,0.0,2.0
0.0,0.0,0.0,1.51932915124,0.0,2.50821986837	0.0,0.0,0.0,1.0,0.0,4.0
0.1,0.3,0.0,0.0,1.43333333333,3.56666666667	0.0,1.0,0.0,0.0,1.0,3.0
0.0,0.0,0.0,0.0,0.0,3.1	0.0,0.0,0.0,0.0,0.0,3.0
0.0,1.0,0.0,0.0,0.0,1.3	0.0,2.0,0.0,0.0,0.0,2.0
0.0,1.3,0.0,0.0,0.1,1.5	0.0,1.0,0.0,0.0,0.0,2.0
0.0,0.0,0.0,0.0,0.0,6.6	0.0,0.0,0.0,0.0,0.0,5.0
0.0,1.0,0.0,0.0,1.0,1.7	0.0,1.0,0.0,0.0,1.0,0.0
0.0,0.0,0.0,0.0,1.0,2.5	0.0,0.0,0.0,0.0,1.0,2.0
0.0,0.0,0.0,0.0,1.35,2.425	0.0,0.0,0.0,0.0,1.0,3.0
0.0,0.0,0.0,1.73642705334,0.0,2.93612196627	0.0,0.0,0.0,1.0,0.0,2.0
0.0,0.0,0.0,1.3,0.0,1.2	0.0,0.0,0.0,2.0,0.0,1.0
1.3,0.8,0.0,0.0,0.0,2.9	1.0,1.0,0.0,0.0,0.0,3.0
0.0,1.02142857143,0.0,0.0,0.0,0.778571428571	0.0,2.0,0.0,0.0,0.0,3.0
0.0,0.0,1.1,0.0,0.1,1.2	0.0,0.0,1.0,0.0,0.0,2.0
0.0,0.0,1.69333333333,0.0,0.0,1.30666666667	0.0,0.0,1.0,0.0,0.0,2.0
0.0,1.6,0.0,0.0,0.0,3.2	0.0,2.0,0.0,0.0,0.0,2.0
0.0,2.0,0.0,0.0,0.0,4.1	0.0,2.0,0.0,0.0,0.0,5.0
0.0,0.0,0.0,0.0,1.2,1.0	0.0,0.0,0.0,0.0,1.0,0.0
0.0,0.0,1.4,0.0,0.0,1.4	0.0,0.0,1.0,0.0,0.0,2.0
0.0,0.0,1.6,0.0,0.0,3.5	0.0,0.0,1.0,0.0,0.0,4.0
0.0,0.0,0.0,0.0,0.0,2.7	0.0,0.0,0.0,0.0,0.0,4.0
0.0,1.3,0.0,0.0,0.0,2.4	0.0,2.0,0.0,0.0,0.0,4.0
0.0,0.0,0.0,0.1,1.0,1.5	0.0,0.0,0.0,0.0,1.0,1.0
0.0,0.0,0.0,0.0,1.3,1.3	0.0,0.0,0.0,0.0,2.0,1.0
1.11111111111,0.0,0.0,0.0,0.0,3.37777777778	2.0,0.0,0.0,0.0,0.0,4.0
0.0,0.0,0.0,0.0,0.0,3.9	0.0,0.0,0.0,0.0,0.0,4.0
1.0,0.0,0.0,0.0,0.0,0.475	1.0,0.0,0.0,0.0,0.0,1.0
1.3,0.0,0.0,0.0,0.0,2.3	1.0,0.0,0.0,0.0,0.0,5.0
0.0,1.1,0.0,0.0,0.1,1.3	0.0,1.0,0.0,0.0,0.0,2.0
0.0,0.0,1.2,0.0,0.0,1.3	0.0,0.0,1.0,0.0,0.0,0.0
0.0,0.0,1.4,0.0,0.0,2.2	0.0,0.0,1.0,0.0,0.0,3.0
0.0,0.0,0.0,1.6,0.0,2.9	0.0,0.0,0.0,1.0,0.0,1.0
0.0,0.0,0.0,0.0,1.0,2.0	0.0,0.0,0.0,0.0,1.0,0.0
0.0,0.0,0.0,1.4,0.0,1.5	0.0,0.0,0.0,1.0,0.0,1.0
0.0,0.0,1.2,0.0,0.0,3.9	0.0,0.0,1.0,0.0,0.0,4.0
0.0,0.0,1.3,0.0,0.0,2.6	0.0,0.0,1.0,0.0,0.0,0.0
0.0,1.6,0.0,0.0,0.0,3.5	0.0,2.0,0.0,0.0,0.0,4.0
0.0,0.0,0.0,0.0,1.3,0.7	0.0,0.0,0.0,0.0,1.0,4.0
1.0,0.0,0.0,0.0,0.0,1.0	1.0,0.0,0.0,0.0,0.0,2.0
0.0,1.3,0.0,0.0,0.0,1.0	0.0,1.0,0.0,0.0,0.0,1.0
1.1,0.3,0.0,1.0,0.0,2.4	1.0,1.0,0.0,1.0,0.0,0.0
0.0,0.0,1.3,0.0,0.0,1.5	0.0,0.0,1.0,0.0,0.0,0.0
0.0,0.0,0.0,0.0,0.0,3.9	0.0,0.0,0.0,0.0,0.0,6.0
0.0,0.0,0.0,1.0,0.0,1.4	0.0,0.0,0.0,1.0,0.0,2.0
0.0,0.0,0.0,1.0,0.0,0.5	0.0,0.0,0.0,1.0,0.0,3.0
0.0,0.0,0.0,0.0,1.3,0.9	0.0,0.0,0.0,0.0,1.0,2.0
0.0,1.2,0.0,0.0,0.0,1.8	0.0,1.0,0.0,0.0,0.0,5.0
0.0,0.0,1.0,0.0,0.0,0.7	0.0,0.0,1.0,0.0,0.0,0.0
0.0,0.0,0.0,2.1,0.0,2.3	0.0,0.0,0.0,1.0,0.0,3.0
0.0,0.0,0.0,0.0,0.0,2.1	0.0,0.0,0.0,0.0,0.0,6.0
0.0,0.0,0.0,0.0,1.0,1.64071428571	0.0,0.0,0.0,0.0,1.0,0.0
0.0,0.0,0.0,0.0,0.0,3.2	0.0,0.0,0.0,0.0,0.0,4.0
1.9,0.0,0.0,0.0,0.0,2.5	1.0,0.0,0.0,0.0,0.0,2.0
0.0,0.0,0.0,0.0,1.0,1.1	0.0,0.0,0.0,0.0,1.0,2.0
0.0,0.0,0.0,0.0,1.2,1.8	0.0,0.0,0.0,0.0,1.0,0.0
0.0,0.0,0.0,1.1,0.0,2.3	0.0,0.0,0.0,1.0,0.0,2.0
0.0,0.0,1.2,0.0,0.0,0.9	0.0,0.0,1.0,0.0,0.0,2.0
0.0,0.0,0.0,0.0,1.7,1.5	0.0,0.0,0.0,0.0,1.0,3.0
0.0,0.0,0.0,0.0,0.0,6.9	0.0,0.0,0.0,0.0,0.0,10.0
0.0,0.0,1.4,0.0,0.0,1.2	0.0,0.0,2.0,0.0,0.0,3.0
1.2,0.0,0.0,0.0,0.0,2.2	1.0,0.0,0.0,0.0,0.0,2.0
0.0,0.0,0.0,0.0,1.9,1.8	0.0,0.0,0.0,0.0,2.0,3.0
0.0,0.0,0.1,0.0,0.0,4.2	0.0,0.0,0.0,0.0,0.0,2.0
0.0,0.0,0.0,1.3,0.0,4.0	0.0,0.0,0.0,1.0,0.0,3.0
0.0,1.7,0.0,0.0,0.0,4.9	0.0,1.0,0.0,0.0,0.0,5.0
0.0,0.0,0.0,0.0,1.4,4.3	0.0,0.0,0.0,0.0,1.0,4.0
0.0,0.0,0.0,1.65,0.0,3.25	0.0,0.0,0.0,2.0,0.0,5.0
0.0,1.1,0.0,1.0,0.0,1.1	0.0,1.0,0.0,1.0,0.0,1.0
0.0,1.15,0.0,0.0,0.0,3.8	0.0,2.0,0.0,0.0,0.0,4.0
0.0,0.0,0.0,0.0,0.0,2.5	0.0,0.0,0.0,0.0,0.0,4.0
0.0,0.0,1.1,0.0,0.0,2.2	0.0,0.0,1.0,0.0,0.0,2.0
1.3,0.0,0.0,0.1,0.0,1.4	2.0,0.0,0.0,0.0,0.0,1.0
0.0,0.0,0.0,1.48166666667,0.0,1.44333333333	0.0,0.0,0.0,2.0,0.0,3.0
0.0,0.0,0.0,1.1,0.0,1.0	0.0,0.0,0.0,1.0,0.0,0.0
1.4,0.0,0.0,0.0,0.0,3.7	2.0,0.0,0.0,0.0,0.0,4.0
0.0,1.2,0.0,0.0,0.0,2.825	0.0,1.0,0.0,0.0,0.0,3.0
0.0,0.0,1.8,0.0,0.0,2.3	0.0,0.0,2.0,0.0,0.0,5.0
1.0,0.0,0.0,0.1,0.0,1.0	1.0,0.0,0.0,0.0,0.0,1.0
0.0,0.0,0.0,1.0,0.0,1.4	0.0,0.0,0.0,1.0,0.0,1.0
0.0,1.0,0.0,0.1,0.0,1.52	0.0,1.0,0.0,0.0,0.0,2.0
0.0,0.0,0.0,1.0,0.0,0.9	0.0,0.0,0.0,1.0,0.0,2.0
1.0,0.0,1.0,0.1,0.0,0.3	1.0,0.0,1.0,0.0,0.0,0.0
0.0,0.0,1.4,0.0,0.0,1.8	0.0,0.0,2.0,0.0,0.0,3.0
0.0,0.0,0.0,1.1,0.0,1.3	0.0,0.0,0.0,1.0,0.0,2.0
0.1,0.0,1.1,0.0,0.0,1.8	0.0,0.0,1.0,0.0,0.0,2.0
0.0,1.1,0.0,0.0,0.0,2.1	0.0,1.0,0.0,0.0,0.0,3.0
0.0,0.0,1.1,0.0,0.0,0.95	0.0,0.0,1.0,0.0,0.0,2.0
0.0,0.0,1.2,0.0,0.0,3.0	0.0,0.0,1.0,0.0,0.0,5.0
0.0,1.0,0.0,0.0,0.0,1.4	0.0,1.0,0.0,0.0,0.0,0.0
0.0,0.0,0.0,1.1,0.0,0.6	0.0,0.0,0.0,1.0,0.0,0.0
0.0,0.0,0.0,1.1,0.0,1.8	0.0,0.0,0.0,2.0,0.0,2.0
0.0,0.0,0.0,0.0,1.2,0.9	0.0,0.0,0.0,0.0,1.0,0.0
0.0,0.0,0.0,0.0,0.0,1.9	0.0,0.0,0.0,0.0,0.0,4.0
0.0,0.0,0.0,1.1,0.0,2.0	0.0,0.0,0.0,3.0,0.0,3.0
0.0,0.0,0.0,0.0,1.1375,2.2	0.0,0.0,0.0,0.0,2.0,1.0
0.0,0.0,2.0,0.0,0.1,4.3	0.0,0.0,3.0,0.0,0.0,3.0
0.0,1.0,0.0,0.0,0.0,1.25	0.0,1.0,0.0,0.0,0.0,3.0
0.0,0.0,0.0,1.1,0.0,0.876666666667	0.0,0.0,0.0,1.0,0.0,1.0
0.0,1.1,0.0,0.0,0.0,1.6	0.0,1.0,0.0,0.0,0.0,0.0
0.0,0.0,1.1,0.0,0.0,1.9	0.0,0.0,1.0,0.0,0.0,2.0
0.0,0.0,1.2,0.0,0.0,2.2	0.0,0.0,1.0,0.0,0.0,1.0
0.0,1.4,0.0,0.0,0.0,2.5	0.0,1.0,0.0,0.0,0.0,0.0
0.0,0.0,0.0,1.4,0.0,2.7	0.0,0.0,0.0,1.0,0.0,4.0
0.0,0.0,0.0,0.0,1.3,1.1	0.0,0.0,0.0,0.0,1.0,1.0
0.0,0.0,0.0,0.0,1.26664705882,2.79792156863	0.0,0.0,0.0,0.0,1.0,3.0
0.0,0.0,0.0,0.0,1.1,1.08571428571	0.0,0.0,0.0,0.0,1.0,2.0
0.0,0.0,1.4,0.0,0.0,1.6	0.0,0.0,1.0,0.0,0.0,2.0
0.0,0.0,0.0,1.2,0.0,1.9	0.0,0.0,0.0,1.0,0.0,1.0
0.0,0.0,1.0,0.0,0.0,0.458333333333	0.0,0.0,1.0,0.0,0.0,1.0
0.0,0.0,0.0,0.8,0.9,1.2	0.0,0.0,0.0,1.0,1.0,1.0
0.0,0.0,0.0,0.0,0.0,3.2	0.0,0.0,0.0,0.0,0.0,0.0
0.0,1.5,0.0,0.0,0.0,0.8375	0.0,1.0,0.0,0.0,0.0,0.0
1.9,0.0,0.0,0.0,0.0,3.9	2.0,0.0,0.0,0.0,0.0,4.0
0.0,0.0,0.0,0.0,0.0,5.48666666667	0.0,0.0,0.0,0.0,0.0,6.0
0.0,0.0,0.0,1.0,0.0,2.1	0.0,0.0,0.0,1.0,0.0,3.0
0.0,0.0,0.0,1.02,0.0,2.18	0.0,0.0,0.0,1.0,0.0,2.0
0.0,0.0,0.0,0.0,1.0,1.9	0.0,0.0,0.0,0.0,1.0,1.0
1.03333333333,0.0,0.0,0.0,0.0,1.13333333333	1.0,0.0,0.0,0.0,0.0,2.0
0.0,1.4,0.0,0.0,0.0,3.225	0.0,2.0,0.0,0.0,0.0,0.0
0.0,0.3,0.4,0.1,0.0,2.6	0.0,1.0,0.0,0.0,0.0,1.0
0.0,0.0,1.1,0.0,0.0,1.6	0.0,0.0,1.0,0.0,0.0,3.0
0.0,0.0,0.0,0.0,1.6,4.0	0.0,0.0,0.0,0.0,2.0,4.0
0.0,0.0,0.0,1.2,0.0,1.9	0.0,0.0,0.0,1.0,0.0,1.0
0.0,1.2,0.0,0.0,0.1,1.3	0.0,2.0,0.0,0.0,0.0,6.0
0.2,0.0,0.0,0.0,1.775,5.12083333333	0.0,0.0,0.0,0.0,2.0,4.0
0.0,0.2,0.9,0.0,1.1,2.8	0.0,0.0,1.0,0.0,1.0,2.0
0.0,0.0,1.1,0.0,0.0,2.2	0.0,0.0,1.0,0.0,0.0,1.0
0.0,0.0,2.2,0.0,0.0,3.8	0.0,0.0,2.0,0.0,0.0,5.0
1.9,0.0,0.0,0.0,0.0,3.5	2.0,0.0,0.0,0.0,0.0,3.0
0.0,0.0,0.0,0.1,1.1,3.2	0.0,0.0,0.0,0.0,1.0,2.0
0.0,0.0,0.0,0.0,1.18333333333,2.73333333333	0.0,0.0,0.0,0.0,1.0,3.0
0.0,0.0,0.0,0.0,1.1,1.5	0.0,0.0,0.0,0.0,1.0,1.0
2.1,0.0,0.0,0.0,0.0,2.9	3.0,0.0,0.0,0.0,0.0,7.0
0.9,0.0,0.1,0.0,1.64166666667,3.675	2.0,0.0,0.0,0.0,2.0,3.0
0.0,0.0,1.7,0.0,0.0,3.2	0.0,0.0,1.0,0.0,0.0,3.0
0.0,0.0,0.0,1.4,0.0,1.4	0.0,0.0,0.0,1.0,0.0,0.0
1.4,0.0,0.0,0.0,0.0,0.9	1.0,0.0,0.0,0.0,0.0,0.0
0.0,0.0,1.2,0.0,0.0,0.9	0.0,0.0,2.0,0.0,0.0,3.0
0.0,1.7,0.0,0.0,0.0,3.2	0.0,2.0,0.0,0.0,0.0,3.0
0.0,0.0,0.0,0.0,1.365,3.40333333333	0.0,0.0,0.0,0.0,2.0,0.0
0.0,0.0,0.0,0.0,0.0,2.6	0.0,0.0,0.0,0.0,0.0,1.0
0.0,0.2,0.0,1.8,0.0,4.1	0.0,0.0,0.0,2.0,0.0,5.0
0.0,1.3,0.0,0.0,0.0,3.5	0.0,1.0,0.0,0.0,0.0,4.0
0.0,1.9,0.0,0.0,0.0,3.5	0.0,1.0,0.0,0.0,0.0,6.0
1.0,0.0,0.0,0.0,0.0,2.67321428571	1.0,0.0,0.0,0.0,0.0,2.0
0.0,0.0,0.0,0.0,0.0,5.3	0.0,0.0,0.0,0.0,0.0,4.0
0.0,1.0,0.0,0.0,0.0,1.0	0.0,1.0,0.0,0.0,0.0,1.0
0.0,0.0,0.0,0.0,1.5,2.2	0.0,0.0,0.0,0.0,1.0,1.0
0.0,0.0,0.0,0.0,1.1,2.1	0.0,0.0,0.0,0.0,2.0,0.0
1.34,0.0,0.0,0.0,0.0,0.3	1.0,0.0,0.0,0.0,0.0,1.0
1.0,0.0,0.1,0.6,0.0,1.5	1.0,0.0,0.0,1.0,0.0,2.0
0.0,0.0,0.0,0.0,0.0,2.08125	0.0,0.0,0.0,0.0,0.0,3.0
0.0,0.0,0.0,1.2,0.0,2.0	0.0,0.0,0.0,1.0,0.0,2.0
0.2,0.0,1.1,1.1,0.0,2.7	0.0,0.0,2.0,1.0,0.0,3.0
2.11111111111,0.0,0.0,0.0,0.0,2.37777777778	1.0,0.0,0.0,0.0,0.0,2.0
0.0,0.0,0.0,1.46153846154,0.0,3.53846153846	0.0,0.0,0.0,2.0,0.0,5.0
0.0,0.0,0.0,0.0,1.3,2.5	0.0,0.0,0.0,0.0,1.0,6.0
1.9,0.0,0.0,0.0,0.0,4.3	2.0,0.0,0.0,0.0,0.0,5.0
0.0,1.1,0.0,1.0,0.0,1.1	0.0,1.0,0.0,1.0,0.0,1.0
0.0,0.0,0.0,1.4,0.0,3.1	0.0,0.0,0.0,2.0,0.0,2.0
0.0,1.3,0.0,0.0,0.0,1.4	0.0,1.0,0.0,0.0,0.0,3.0
1.0,0.0,0.0,0.0,0.0,1.1	1.0,0.0,0.0,0.0,0.0,1.0
0.0,0.0,0.0,0.0,1.1,1.7	0.0,0.0,0.0,0.0,1.0,2.0
0.0,1.2,0.0,0.0,0.0,1.1	0.0,1.0,0.0,0.0,0.0,0.0
0.0,0.0,0.0,0.0,0.0,3.6	0.0,0.0,0.0,0.0,0.0,7.0
0.0,0.0,0.0,0.0,0.0,5.71428571429	0.0,0.0,0.0,0.0,0.0,6.0
0.0,0.0,0.0,1.3,0.0,1.8	0.0,0.0,0.0,1.0,0.0,2.0
0.0,1.6,0.0,0.0,0.0,3.4	0.0,2.0,0.0,0.0,0.0,4.0
0.0,0.0,0.0,0.0,0.0,1.8265530303	0.0,0.0,0.0,0.0,0.0,2.0
0.0,0.0,0.0,1.41666666667,0.0,1.8	0.0,0.0,0.0,1.0,0.0,0.0
0.0,0.0,0.0,0.0,0.0,2.37333333333	0.0,0.0,0.0,0.0,0.0,3.0
0.0,0.0,1.3,0.0,0.0,1.1	0.0,0.0,1.0,0.0,0.0,2.0
0.0,1.4,0.0,0.0,0.0,1.13333333333	0.0,1.0,0.0,0.0,0.0,1.0
0.0,1.1,0.0,0.1,0.0,2.0	0.0,1.0,0.0,0.0,0.0,2.0
1.2,0.0,0.0,0.0,0.0,1.7	1.0,0.0,0.0,0.0,0.0,3.0
1.7,0.0,0.0,0.0,0.0,4.0	1.0,0.0,0.0,0.0,0.0,5.0
0.0,0.2,0.0,1.6,0.0,2.8	0.0,0.0,0.0,1.0,0.0,3.0
0.0,0.0,0.0,1.9,0.0,4.1	0.0,0.0,0.0,1.0,0.0,3.0
0.0,0.0,0.0,1.4,0.0,1.2	0.0,0.0,0.0,1.0,0.0,3.0
1.2,0.0,0.0,0.0,0.0,0.6	2.0,0.0,0.0,0.0,0.0,1.0
0.0,1.3,0.0,0.0,0.0,2.1	0.0,1.0,0.0,0.0,0.0,3.0
0.0,0.0,0.0,0.0,1.7,3.1	0.0,0.0,0.0,0.0,1.0,8.0
0.0,0.0,1.22,0.0,0.0,1.54	0.0,0.0,1.0,0.0,0.0,1.0
0.0,1.2,0.0,0.0,0.0,1.1	0.0,1.0,0.0,0.0,0.0,2.0
0.0,0.0,1.3,0.0,0.0,1.4	0.0,0.0,1.0,0.0,0.0,2.0
0.0,0.0,0.0,0.0,1.1,1.5	0.0,0.0,0.0,0.0,2.0,0.0
0.0,0.0,1.0,0.1,0.1,1.35	0.0,0.0,1.0,0.0,0.0,0.0
0.0,0.0,1.4,0.0,0.0,2.7	0.0,0.0,1.0,0.0,0.0,0.0
0.0,0.0,0.0,1.55,0.0,3.06666666667	0.0,0.0,0.0,1.0,0.0,5.0
0.0,1.2,0.0,0.3,0.0,2.1	0.0,1.0,0.0,1.0,0.0,0.0
0.0,0.0,0.0,0.0,1.3,1.0	0.0,0.0,0.0,0.0,1.0,0.0
0.0,1.33333333333,0.0,0.0,0.0,1.33333333333	0.0,1.0,0.0,0.0,0.0,2.0
0.0,2.4,0.0,0.0,0.0,4.6	0.0,2.0,0.0,0.0,0.0,7.0
0.0,0.0,0.0,0.0,1.0,0.8	0.0,0.0,0.0,0.0,1.0,1.0
0.0,0.0,0.0,0.0,0.0,1.55	0.0,0.0,0.0,0.0,0.0,1.0
0.0,0.0,0.0,1.180503663,0.0,2.58586385836	0.0,0.0,0.0,1.0,0.0,2.0
0.0,0.0,1.39,0.0,0.0,2.91	0.0,0.0,1.0,0.0,0.0,2.0
1.0,0.0,0.0,0.0,0.0,1.70833333333	2.0,0.0,0.0,0.0,0.0,2.0
0.0,0.0,1.125,0.0,0.0,2.975	0.0,0.0,1.0,0.0,0.0,3.0
0.0,0.0,1.7,0.0,0.0,1.2	0.0,0.0,1.0,0.0,0.0,2.0
1.3,0.0,0.0,0.0,0.0,1.9	1.0,0.0,0.0,0.0,0.0,1.0
1.0,1.1,0.0,0.1,0.0,2.7	1.0,2.0,0.0,0.0,0.0,0.0
0.0,1.3,0.0,0.0,0.0,1.7	0.0,2.0,0.0,0.0,0.0,3.0
0.0,0.0,0.0,1.5,0.0,2.1	0.0,0.0,0.0,1.0,0.0,0.0
0.0,0.0,0.0,2.0,0.0,2.84166666667	0.0,0.0,0.0,2.0,0.0,3.0
0.0,1.6,0.0,0.0,0.0,1.9	0.0,2.0,0.0,0.0,0.0,2.0
0.1,0.0,2.2,0.0,0.0,4.4	0.0,0.0,3.0,0.0,0.0,5.0
0.0,1.5,0.0,0.0,0.0,2.4	0.0,1.0,0.0,0.0,0.0,4.0
0.0,0.0,0.0,1.8,0.0,3.3	0.0,0.0,0.0,1.0,0.0,3.0
0.0,0.0,0.0,0.0,0.0,3.2	0.0,0.0,0.0,0.0,0.0,3.0
0.0,0.0,0.0,1.0,0.0,1.5	0.0,0.0,0.0,1.0,0.0,0.0
0.0,0.0,2.15,0.0,0.0,1.05	0.0,0.0,2.0,0.0,0.0,2.0
0.0,0.0,0.0,1.2,0.0,1.8	0.0,0.0,0.0,1.0,0.0,1.0
0.0,0.0,1.0,0.0,0.0,0.4	0.0,0.0,1.0,0.0,0.0,1.0
1.0,0.0,0.0,0.0,0.0,0.9	2.0,0.0,0.0,0.0,0.0,1.0
0.0,0.0,2.2,0.0,0.0,4.7	0.0,0.0,2.0,0.0,0.0,5.0
0.0,1.35,0.0,0.0,0.0,1.85	0.0,1.0,0.0,0.0,0.0,4.0
0.0,0.0,0.0,1.1,0.0,1.9	0.0,0.0,0.0,1.0,0.0,2.0
0.0,0.0,0.0,0.0,1.3,1.5	0.0,0.0,0.0,0.0,1.0,1.0
0.0,0.0,1.6,0.0,0.0,3.4	0.0,0.0,2.0,0.0,0.0,4.0
0.0,0.0,1.38,0.0,0.0,1.62	0.0,0.0,1.0,0.0,0.0,1.0
0.0,0.0,1.4,0.0,0.0,2.6	0.0,0.0,2.0,0.0,0.0,2.0
0.0,1.4,0.0,0.0,0.0,1.5	0.0,1.0,0.0,0.0,0.0,0.0
1.0,0.0,0.6,0.5,0.2,0.4	1.0,0.0,1.0,1.0,0.0,0.0
1.0,0.0,0.0,0.0,0.0,0.9	1.0,0.0,0.0,0.0,0.0,0.0
1.0,0.0,0.0,0.0,1.0,2.0	1.0,0.0,0.0,0.0,1.0,2.0
0.0,0.0,0.0,0.0,0.0,3.4	0.0,0.0,0.0,0.0,0.0,3.0
0.0,0.0,0.0,0.0,1.5,2.3	0.0,0.0,0.0,0.0,1.0,2.0
0.0,0.0,0.0,1.3,0.0,1.1	0.0,0.0,0.0,1.0,0.0,2.0
0.0,0.0,1.0,0.0,0.0,1.0	0.0,0.0,2.0,0.0,0.0,2.0
0.0,0.0,0.0,0.0,1.0,1.1	0.0,0.0,0.0,0.0,1.0,1.0
0.0,1.0,0.0,0.0,0.0,3.0	0.0,2.0,0.0,0.0,0.0,2.0
0.0,0.0,0.0,1.3,0.0,2.0	0.0,0.0,0.0,1.0,0.0,3.0
0.0,0.0,0.0,1.1,0.0,0.8	0.0,0.0,0.0,1.0,0.0,1.0
1.4,0.0,0.0,0.0,0.0,0.9	1.0,0.0,0.0,0.0,0.0,2.0
1.4,0.0,0.0,0.4,0.5,0.7	2.0,0.0,0.0,2.0,3.0,0.0
0.0,0.0,0.0,1.5,0.0,3.4	0.0,0.0,0.0,1.0,0.0,2.0
0.0,1.0,0.0,0.0,0.0,2.80666666667	0.0,3.0,0.0,0.0,0.0,4.0
0.0,0.0,0.0,0.0,0.0,1.5	0.0,0.0,0.0,0.0,0.0,1.0
0.0,0.0,0.0,0.0,1.0,0.8	0.0,0.0,0.0,0.0,1.0,0.0
0.0,1.1,0.0,0.0,0.0,1.13333333333	0.0,1.0,0.0,0.0,0.0,0.0
0.0,0.0,0.0,1.025,0.0,0.8	0.0,0.0,0.0,2.0,0.0,2.0
1.3,0.0,0.0,0.0,0.0,2.3	2.0,0.0,0.0,0.0,0.0,0.0
0.0,1.2,0.0,0.0,0.0,1.1	0.0,1.0,0.0,0.0,0.0,0.0
0.0,0.0,0.0,1.4,0.0,2.6	0.0,0.0,0.0,2.0,0.0,4.0
0.0,0.0,1.3,0.0,0.0,1.9	0.0,0.0,1.0,0.0,0.0,1.0
0.0,1.5,0.0,0.0,0.0,2.8	0.0,2.0,0.0,0.0,0.0,4.0
0.0,0.0,0.0,2.1,0.0,4.7	0.0,0.0,0.0,2.0,0.0,4.0
0.0,0.0,0.0,0.0,1.1,0.7	0.0,0.0,0.0,0.0,1.0,1.0
0.0,1.4,0.0,0.0,0.0,1.3	0.0,1.0,0.0,0.0,0.0,3.0
0.0,0.0,0.0,0.0,1.2,1.225	0.0,0.0,0.0,0.0,1.0,1.0
0.0,1.3,0.0,0.0,0.0,1.6	0.0,2.0,0.0,0.0,0.0,1.0
1.1,0.0,0.1,0.0,0.0,2.4	1.0,0.0,0.0,0.0,0.0,2.0
0.0,0.0,1.5,0.0,0.0,2.4	0.0,0.0,3.0,0.0,0.0,2.0
0.0,0.0,0.0,1.37142857143,0.0,2.88571428571	0.0,0.0,0.0,2.0,0.0,2.0
0.0,0.0,1.3,0.0,0.0,1.8	0.0,0.0,1.0,0.0,0.0,2.0
0.0,0.0,0.0,0.0,1.3,2.5	0.0,0.0,0.0,0.0,1.0,1.0
1.2,0.0,0.0,0.0,0.0,0.8	1.0,0.0,0.0,0.0,0.0,2.0
0.0,0.0,0.0,0.0,1.75,2.47	0.0,0.0,0.0,0.0,3.0,4.0
0.0,0.0,0.0,0.0,1.3375,1.7625	0.0,0.0,0.0,0.0,2.0,0.0
0.0,0.0,0.0,1.0,0.0,0.5	0.0,0.0,0.0,1.0,0.0,2.0
0.0,0.0,0.0,1.3,0.0,1.9	0.0,0.0,0.0,1.0,0.0,3.0
0.0,0.0,0.0,1.1,0.0,1.46666666667	0.0,0.0,0.0,2.0,0.0,3.0
1.8,0.0,0.0,0.0,0.0,0.6	2.0,0.0,0.0,0.0,0.0,2.0
1.1,0.0,0.0,0.0,0.0,1.6	1.0,0.0,0.0,0.0,0.0,2.0
0.0,0.1,0.0,1.6,0.0,3.2	0.0,0.0,0.0,1.0,0.0,4.0
1.0,0.0,0.1,0.0,1.0,1.83333333333	1.0,0.0,0.0,0.0,1.0,4.0
0.0,1.5,0.0,0.0,0.0,1.3	0.0,2.0,0.0,0.0,0.0,1.0
0.0,0.0,0.0,0.0,0.0,4.7	0.0,0.0,0.0,0.0,0.0,5.0
0.0,0.0,0.0,1.3,0.0,2.8	0.0,0.0,0.0,1.0,0.0,5.0
0.0,2.1,0.0,0.0,0.0,5.0	0.0,2.0,0.0,0.0,0.0,5.0
1.14595238095,0.0,0.0,0.0,0.0,2.4169047619	1.0,0.0,0.0,0.0,0.0,3.0
0.0,0.0,0.0,0.0,0.0,3.33333333333	0.0,0.0,0.0,0.0,0.0,3.0
0.0,0.0,0.0,0.0,0.0,3.0	0.0,0.0,0.0,0.0,0.0,3.0
1.4,0.0,0.0,0.1,0.0,0.9	1.0,0.0,0.0,0.0,0.0,1.0
0.0,0.0,0.0,0.0,0.0,2.2	0.0,0.0,0.0,0.0,0.0,2.0
0.0,0.0,0.1,1.2,1.3,3.0	0.0,0.0,0.0,1.0,1.0,5.0
0.0,0.0,1.3,0.0,0.0,0.725	0.0,0.0,1.0,0.0,0.0,0.0
0.0,0.0,0.0,1.2,0.0,1.8	0.0,0.0,0.0,1.0,0.0,4.0
0.0,0.0,0.0,0.0,1.92142857143,3.09285714286	0.0,0.0,0.0,0.0,1.0,3.0
0.0,1.0,0.0,0.0,0.0,0.9	0.0,1.0,0.0,0.0,0.0,0.0
0.0,1.8,0.0,0.0,0.1,1.2	0.0,1.0,0.0,0.0,0.0,1.0
0.0,1.3,0.0,0.0,0.0,1.5	0.0,2.0,0.0,0.0,0.0,3.0
1.5,0.0,0.0,0.0,0.0,3.1	1.0,0.0,0.0,0.0,0.0,2.0
0.0,0.0,1.1,0.0,0.0,0.7	0.0,0.0,1.0,0.0,0.0,0.0
0.0,0.0,0.0,0.0,0.0,3.0	0.0,0.0,0.0,0.0,0.0,2.0
0.0,1.07992424242,0.0,0.0,0.0,1.02322150072	0.0,1.0,0.0,0.0,0.0,0.0
1.4,0.0,0.0,0.1,0.0,1.5	1.0,0.0,0.0,0.0,0.0,1.0
0.0,0.0,0.0,0.0,2.7,4.5	0.0,0.0,0.0,0.0,1.0,6.0
1.24769230769,0.0,0.0,0.0,0.0,3.02276223776	1.0,0.0,0.0,0.0,0.0,4.0
0.0,0.0,0.0,1.1,0.0,1.6	0.0,0.0,0.0,1.0,0.0,2.0
0.0,0.0,1.2,0.0,0.0,1.4	0.0,0.0,1.0,0.0,0.0,1.0
0.0,1.0,0.0,0.0,0.0,0.777777777778	0.0,1.0,0.0,0.0,0.0,1.0
0.0,1.0,0.0,0.0,0.0,1.8	0.0,1.0,0.0,0.0,0.0,0.0
1.1,0.0,0.1,0.0,0.0,2.0	1.0,0.0,0.0,0.0,0.0,2.0
0.0,0.0,0.0,0.0,0.0,2.0	0.0,0.0,0.0,0.0,0.0,2.0
0.0,0.0,0.0,0.0,0.0,3.9	0.0,0.0,0.0,0.0,0.0,2.0
0.0,1.3,0.0,0.0,0.0,2.7	0.0,1.0,0.0,0.0,0.0,3.0
0.0,0.0,0.0,2.0,0.0,4.8	0.0,0.0,0.0,2.0,0.0,4.0
0.0,0.0,0.0,0.9,0.9,1.1	0.0,0.0,0.0,1.0,1.0,0.0
1.1,0.0,0.0,0.0,0.0,1.1	2.0,0.0,0.0,0.0,0.0,1.0
1.2,0.0,0.0,0.0,0.0,1.275	1.0,0.0,0.0,0.0,0.0,2.0
0.0,0.0,0.0,0.0,1.34185345717,2.38169936204	0.0,0.0,0.0,0.0,1.0,4.0
1.0,0.0,0.0,0.0,0.9,1.4	1.0,0.0,0.0,0.0,1.0,0.0
0.0,0.0,0.0,1.3,0.0,2.04666666667	0.0,0.0,0.0,1.0,0.0,2.0
0.0,0.0,0.0,0.0,1.2,1.8	0.0,0.0,0.0,0.0,1.0,3.0
0.0,0.0,0.0,0.0,0.0,3.9	0.0,0.0,0.0,0.0,0.0,2.0
0.0,0.0,1.275,0.0,0.0,2.975	0.0,0.0,2.0,0.0,0.0,3.0
0.0,0.0,0.0,1.2,0.0,2.0	0.0,0.0,0.0,1.0,0.0,0.0
0.0,0.0,0.0,0.0,0.0,5.29166666667	0.0,0.0,0.0,0.0,0.0,4.0
1.0,0.0,0.0,0.0,0.0,0.560227272727	1.0,0.0,0.0,0.0,0.0,1.0
0.0,0.0,0.0,1.3,0.0,2.8	0.0,0.0,0.0,2.0,0.0,3.0
1.0,1.0,0.0,0.0,0.0,1.5	1.0,1.0,0.0,0.0,0.0,2.0
0.0,1.1,0.0,0.0,0.0,0.8	0.0,1.0,0.0,0.0,0.0,0.0
1.3,0.0,0.0,0.0,0.0,1.9	1.0,0.0,0.0,0.0,0.0,4.0
0.0,0.0,0.0,0.0,1.08,1.28	0.0,0.0,0.0,0.0,1.0,1.0
0.0,0.0,1.1,0.0,0.0,1.1	0.0,0.0,1.0,0.0,0.0,1.0
0.0,0.0,0.0,0.0,1.0,1.3	0.0,0.0,0.0,0.0,1.0,1.0
0.0,0.0,0.0,0.0,1.4,1.6125	0.0,0.0,0.0,0.0,1.0,0.0
0.0,0.0,0.0,0.0,1.2,1.96666666667	0.0,0.0,0.0,0.0,1.0,2.0
0.0,1.1,0.0,0.0,0.0,1.9	0.0,1.0,0.0,0.0,0.0,1.0
0.0,0.0,0.0,1.0,0.0,1.7	0.0,0.0,0.0,1.0,0.0,1.0
0.0,1.3,0.0,0.0,0.0,3.6	0.0,1.0,0.0,0.0,0.0,2.0
0.0,0.0,0.0,2.0,0.0,2.84166666667	0.0,0.0,0.0,1.0,0.0,3.0
0.0,0.0,0.0,0.0,1.0,1.0	0.0,0.0,0.0,0.0,1.0,2.0
0.0,0.0,1.1,0.0,0.0,1.0	0.0,0.0,1.0,0.0,0.0,1.0
0.0,0.0,0.0,1.0,0.0,0.9	0.0,0.0,0.0,1.0,0.0,1.0
0.0,0.0,1.1,0.0,0.0,2.3	0.0,0.0,1.0,0.0,0.0,1.0
1.1,0.0,0.0,0.0,0.0,0.7	1.0,0.0,0.0,0.0,0.0,0.0
0.0,0.0,0.0,0.0,1.74736842105,2.76842105263	0.0,0.0,0.0,0.0,1.0,4.0
1.0,0.0,0.0,0.0,0.0,0.7	1.0,0.0,0.0,0.0,0.0,1.0
0.0,0.0,0.0,0.0,0.0,2.1	0.0,0.0,0.0,0.0,0.0,2.0
0.0,1.4,0.0,0.0,0.0,2.9	0.0,1.0,0.0,0.0,0.0,2.0
0.0,0.0,1.2,0.0,0.0,1.6	0.0,0.0,1.0,0.0,0.0,1.0
1.0,0.0,0.0,0.0,0.0,1.0	1.0,0.0,0.0,0.0,0.0,1.0
0.0,1.4,0.0,0.0,0.0,4.4	0.0,2.0,0.0,0.0,0.0,3.0
0.0,1.2,0.0,0.0,0.0,1.0	0.0,2.0,0.0,0.0,0.0,1.0
0.0,0.0,0.0,1.5,0.0,1.9	0.0,0.0,0.0,1.0,0.0,3.0
0.0,0.0,0.0,0.0,0.0,2.5	0.0,0.0,0.0,0.0,0.0,3.0
0.0,0.0,0.0,0.0,0.0,8.4	0.0,0.0,0.0,0.0,0.0,7.0
1.0,0.0,0.0,0.0,0.0,0.8	1.0,0.0,0.0,0.0,0.0,0.0
0.0,0.0,0.0,1.1,0.0,3.4	0.0,0.0,0.0,1.0,0.0,6.0
0.0,0.0,0.0,1.0,0.0,2.45	0.0,0.0,0.0,1.0,0.0,2.0
0.0,0.0,0.0,0.0,0.0,3.6	0.0,0.0,0.0,0.0,0.0,6.0
0.0,1.0,0.0,0.2,0.8,1.8	0.0,1.0,0.0,1.0,1.0,2.0
0.0,0.0,0.0,0.0,1.0,0.9	0.0,0.0,0.0,0.0,1.0,0.0
1.11166666667,0.0,0.0,0.0,0.0,1.67333333333	1.0,0.0,0.0,0.0,0.0,2.0
0.0,0.0,0.0,1.4,0.0,2.8	0.0,0.0,0.0,1.0,0.0,2.0
1.5,0.0,0.0,0.0,0.0,4.7	2.0,0.0,0.0,0.0,0.0,4.0
0.0,0.0,0.0,1.0,0.0,1.61333333333	0.0,0.0,0.0,1.0,0.0,2.0
0.0,1.2,0.0,0.0,0.0,0.8	0.0,1.0,0.0,0.0,0.0,1.0
0.0,0.0,0.0,0.0,1.0,0.5	0.0,0.0,0.0,0.0,1.0,0.0
0.0,0.0,0.0,0.0,1.1,2.5	0.0,0.0,0.0,0.0,2.0,5.0
1.0,0.0,0.0,0.0,0.0,0.333333333333	1.0,0.0,0.0,0.0,0.0,1.0
0.0,0.0,1.0,0.0,0.0,1.2	0.0,0.0,1.0,0.0,0.0,2.0
1.2,0.0,0.0,0.0,0.0,1.4	2.0,0.0,0.0,0.0,0.0,2.0
0.0,0.0,1.0,0.0,0.0,2.4	0.0,0.0,2.0,0.0,0.0,2.0
0.0,0.0,0.0,1.3,0.0,3.5	0.0,0.0,0.0,2.0,0.0,3.0
0.0,0.0,0.0,0.0,1.0,1.8	0.0,0.0,0.0,0.0,1.0,0.0
0.0,0.0,0.0,0.8,0.9,1.11818181818	0.0,0.0,0.0,1.0,1.0,0.0
0.0,0.0,1.3,0.0,0.0,1.4	0.0,0.0,2.0,0.0,0.0,1.0
0.0,1.6,0.0,0.0,0.0,3.0	0.0,1.0,0.0,0.0,0.0,4.0
0.0,0.0,0.0,0.0,1.9,2.9	0.0,0.0,0.0,0.0,2.0,3.0
1.2,0.0,0.0,0.0,0.0,1.6	1.0,0.0,0.0,0.0,0.0,0.0
0.0,0.0,0.0,1.1,0.0,1.0	0.0,0.0,0.0,2.0,0.0,1.0
0.0,0.0,0.0,0.0,1.0,1.3	0.0,0.0,0.0,0.0,1.0,1.0
0.0,0.0,0.0,1.0,0.0,2.0	0.0,0.0,0.0,1.0,0.0,3.0
0.0,1.0,1.2,0.0,0.0,2.8	0.0,1.0,1.0,0.0,0.0,3.0
0.0,0.0,0.2,1.2,1.0,1.2	0.0,0.0,0.0,1.0,1.0,3.0
0.0,1.0,0.0,0.0,0.0,2.3	0.0,1.0,0.0,0.0,0.0,2.0
0.0,0.0,1.3,0.0,0.0,1.76666666667	0.0,0.0,1.0,0.0,0.0,2.0
0.0,1.1,0.0,0.0,0.0,3.9	0.0,1.0,0.0,0.0,0.0,4.0
0.0,1.1,1.0,0.0,0.0,1.6	0.0,1.0,1.0,0.0,0.0,3.0
0.0,0.0,0.0,0.0,1.1,1.4	0.0,0.0,0.0,0.0,1.0,2.0
1.3,0.0,0.0,0.0,0.0,2.2	2.0,0.0,0.0,0.0,0.0,4.0
0.0,0.0,0.0,1.5,0.0,2.7	0.0,0.0,0.0,1.0,0.0,0.0
1.0,0.0,0.0,0.0,0.0,2.5	1.0,0.0,0.0,0.0,0.0,5.0
0.9,0.0,0.0,0.0,0.0,0.6	1.0,0.0,0.0,0.0,0.0,1.0
1.02,0.0,0.0,0.0,0.0,0.88	1.0,0.0,0.0,0.0,0.0,3.0
0.0,1.0,1.0,0.0,0.1,0.5	0.0,1.0,1.0,0.0,0.0,3.0
0.0,0.0,1.4,0.0,0.0,1.4	0.0,0.0,1.0,0.0,0.0,3.0
0.0,1.2,0.0,0.0,0.0,2.6	0.0,1.0,0.0,0.0,0.0,5.0
0.0,0.0,0.0,0.0,1.3,4.0	0.0,0.0,0.0,0.0,1.0,1.0
1.0,0.0,0.0,0.0,0.0,1.0	1.0,0.0,0.0,0.0,0.0,1.0
0.0,0.0,0.0,0.1,1.1,1.9	0.0,0.0,0.0,0.0,1.0,3.0
0.0,0.0,1.3,0.0,0.1,2.0	0.0,0.0,1.0,0.0,0.0,2.0
0.0,0.0,0.0,0.0,0.0,3.1	0.0,0.0,0.0,0.0,0.0,3.0
0.0,0.0,1.3,0.0,0.0,1.2	0.0,0.0,2.0,0.0,0.0,1.0
0.0,0.0,0.0,0.0,0.0,1.5	0.0,0.0,0.0,0.0,0.0,1.0
0.1,0.1,0.0,1.8,0.0,3.175	0.0,0.0,0.0,1.0,0.0,3.0
0.0,1.3,0.0,0.0,0.0,1.8	0.0,1.0,0.0,0.0,0.0,1.0
0.0,1.1,0.0,0.5,0.3,1.7	0.0,1.0,0.0,1.0,1.0,0.0
0.0,0.0,0.0,0.0,0.0,2.45	0.0,0.0,0.0,0.0,0.0,4.0
0.0,0.0,0.0,1.3,0.0,4.10833333333	0.0,0.0,0.0,1.0,0.0,3.0
1.0,0.0,0.0,0.0,0.0,2.56583333333	1.0,0.0,0.0,0.0,0.0,2.0
0.0,0.0,1.4,0.0,0.0,1.5	0.0,0.0,1.0,0.0,0.0,0.0
1.8,0.0,0.0,0.0,0.0,2.8	1.0,0.0,0.0,0.0,0.0,3.0
1.1,0.0,0.0,0.5,0.0,1.6	1.0,0.0,0.0,1.0,0.0,0.0
0.0,0.0,0.0,0.0,0.0,2.99166666667	0.0,0.0,0.0,0.0,0.0,2.0
0.0,0.0,0.0,0.0,1.3,1.6	0.0,0.0,0.0,0.0,2.0,1.0
0.0,0.0,0.0,0.0,1.4,3.0	0.0,0.0,0.0,0.0,2.0,2.0
0.0,0.0,0.0,0.0,1.3,1.5	0.0,0.0,0.0,0.0,1.0,0.0
0.0,0.0,0.0,0.0,0.0,5.56	0.0,0.0,0.0,0.0,0.0,6.0
0.0,1.5,0.0,0.0,0.0,3.3	0.0,2.0,0.0,0.0,0.0,3.0
0.0,0.0,0.0,0.0,0.0,2.9	0.0,0.0,0.0,0.0,0.0,2.0
0.0,0.0,0.0,0.0,1.0,0.9	0.0,0.0,0.0,0.0,1.0,0.0
1.5,0.0,0.0,0.0,0.0,3.0	1.0,0.0,0.0,0.0,0.0,1.0
1.0,0.0,0.0,0.0,0.0,0.6	1.0,0.0,0.0,0.0,0.0,1.0
0.0,0.0,0.0,1.6,0.0,2.6	0.0,0.0,0.0,2.0,0.0,3.0
0.0,0.0,0.0,0.0,1.52857142857,1.45714285714	0.0,0.0,0.0,0.0,1.0,0.0
1.2,0.0,0.0,0.7,0.0,1.0	1.0,0.0,0.0,1.0,0.0,0.0
0.0,0.0,1.0,0.0,0.7,1.1	0.0,0.0,1.0,0.0,1.0,0.0
0.0,0.0,1.4,0.0,0.1,2.3	0.0,0.0,2.0,0.0,0.0,2.0
1.22,0.0,0.0,0.0,0.0,2.79	1.0,0.0,0.0,0.0,0.0,4.0
0.0,0.0,0.0,1.1,0.0,0.876666666667	0.0,0.0,0.0,1.0,0.0,6.0
0.0,1.0,0.0,0.0,0.0,0.3	0.0,1.0,0.0,0.0,0.0,0.0
0.0,0.0,0.0,1.0,0.0,1.6	0.0,0.0,0.0,1.0,0.0,1.0
0.0,0.0,0.0,1.4,0.0,2.2	0.0,0.0,0.0,1.0,0.0,2.0
0.0,0.0,0.0,0.2,0.0,5.2	0.0,0.0,0.0,0.0,0.0,7.0
0.0,0.0,0.0,0.0,1.5,2.7	0.0,0.0,0.0,0.0,1.0,3.0
0.0,0.0,1.1,0.0,0.5,0.6	0.0,0.0,1.0,0.0,1.0,3.0
0.0,0.0,1.2,0.0,0.0,1.6	0.0,0.0,1.0,0.0,0.0,0.0
0.0,0.0,1.4,0.0,0.0,1.6	0.0,0.0,1.0,0.0,0.0,3.0
0.0,0.1,0.0,0.0,1.93333333333,3.78888888889	0.0,0.0,0.0,0.0,1.0,5.0
0.0,0.0,0.0,0.1,1.2,1.95	0.0,0.0,0.0,0.0,1.0,3.0
0.0,0.0,0.0,0.0,0.0,3.4	0.0,0.0,0.0,0.0,0.0,3.0
0.0,0.0,0.0,0.0,1.1,0.8	0.0,0.0,0.0,0.0,1.0,0.0
0.1,0.1,1.3,0.0,0.0,3.0	0.0,0.0,2.0,0.0,0.0,5.0
0.0,1.625,0.0,0.0,0.0,2.375	0.0,1.0,0.0,0.0,0.0,4.0
0.0,0.0,0.0,0.0,0.0,2.875	0.0,0.0,0.0,0.0,0.0,1.0
0.0,0.0,1.4,0.0,0.1,1.0	0.0,0.0,1.0,0.0,0.0,3.0
0.0,0.6,0.1,0.0,0.1,2.5	0.0,0.0,0.0,0.0,1.0,3.0
0.0,0.0,0.0,1.2,0.0,1.4	0.0,0.0,0.0,2.0,0.0,2.0
0.0,0.0,0.0,1.2,0.0,1.9	0.0,0.0,0.0,1.0,0.0,1.0
1.3,0.0,0.0,0.0,0.0,2.0	1.0,0.0,0.0,0.0,0.0,1.0
0.0,0.0,0.0,1.3,0.0,1.7	0.0,0.0,0.0,1.0,0.0,1.0
0.0,0.0,0.0,1.0,0.0,0.775	0.0,0.0,0.0,1.0,0.0,0.0
0.0,1.3,0.0,0.0,0.2,2.0	0.0,1.0,0.0,0.0,1.0,4.0
0.0,0.0,1.5,0.0,0.0,0.8	0.0,0.0,2.0,0.0,0.0,2.0
0.0,1.0,0.0,0.0,0.0,0.933333333333	0.0,1.0,0.0,0.0,0.0,1.0
1.1,0.0,0.0,0.1,0.0,1.7	1.0,0.0,0.0,0.0,0.0,3.0
0.0,0.0,0.0,0.0,0.0,1.0	0.0,0.0,0.0,0.0,0.0,1.0
0.0,0.0,1.0,0.0,0.0,4.2	0.0,0.0,1.0,0.0,0.0,2.0
0.0,0.0,1.2,0.0,0.0,1.5	0.0,0.0,1.0,0.0,0.0,2.0
0.0,0.0,0.0,0.0,1.2,0.4	0.0,0.0,0.0,0.0,1.0,0.0
1.0,0.0,0.0,0.0,0.0,0.1	1.0,0.0,0.0,0.0,0.0,0.0
0.0,1.07992424242,0.0,0.0,0.0,1.02322150072	0.0,1.0,0.0,0.0,0.0,1.0
1.2,0.0,0.0,0.0,0.0,2.5	1.0,0.0,0.0,0.0,0.0,2.0
0.0,1.1,0.0,0.0,0.0,1.1	0.0,1.0,0.0,0.0,0.0,1.0
0.1,0.0,0.0,0.0,1.875,4.9375	0.0,0.0,0.0,0.0,2.0,4.0
0.0,0.0,1.19166666667,0.0,0.0,3.0	0.0,0.0,2.0,0.0,0.0,3.0
0.0,0.0,0.0,1.4,0.0,2.4	0.0,0.0,0.0,2.0,0.0,2.0
1.8,0.0,0.0,0.0,0.0,4.1	2.0,0.0,0.0,0.0,0.0,3.0
0.0,0.0,0.0,1.8,0.0,2.9	0.0,0.0,0.0,2.0,0.0,3.0
1.0,0.0,0.0,0.0,0.0,3.7	2.0,0.0,0.0,0.0,0.0,3.0
0.0,0.0,1.2,0.0,0.0,1.7	0.0,0.0,1.0,0.0,0.0,2.0
0.0,0.0,0.0,0.0,1.7,1.7	0.0,0.0,0.0,0.0,1.0,3.0
0.0,0.0,0.0,0.0,0.0,1.89090909091	0.0,0.0,0.0,0.0,0.0,2.0
0.0,0.0,0.0,1.5,0.0,2.6	0.0,0.0,0.0,2.0,0.0,4.0
0.0,0.0,0.0,0.0,1.1,1.8	0.0,0.0,0.0,0.0,1.0,3.0
1.5,0.0,0.0,0.1,0.0,1.8	2.0,0.0,0.0,0.0,0.0,1.0
0.0,0.0,1.7,0.0,0.0,2.6	0.0,0.0,3.0,0.0,0.0,0.0
0.0,0.0,0.0,0.0,1.56666666667,4.03333333333	0.0,0.0,0.0,0.0,2.0,3.0
1.2,0.0,0.1,0.0,0.0,2.1	1.0,0.0,0.0,0.0,0.0,2.0
0.0,1.0,0.0,0.0,0.0,0.7	0.0,1.0,0.0,0.0,0.0,4.0
0.0,0.0,0.0,1.0,0.0,1.2	0.0,0.0,0.0,1.0,0.0,2.0
0.0,0.0,0.0,0.0,0.0,2.70333333333	0.0,0.0,0.0,0.0,0.0,2.0
0.0,0.0,0.0,0.0,0.0,1.97833333333	0.0,0.0,0.0,0.0,0.0,1.0
0.0,0.0,1.0,0.0,0.0,0.8	0.0,0.0,1.0,0.0,0.0,1.0
0.0,0.0,2.2,0.0,0.0,2.7	0.0,0.0,2.0,0.0,0.0,2.0
0.0,0.0,0.0,0.0,0.0,3.7	0.0,0.0,0.0,0.0,0.0,3.0
0.0,0.0,0.0,1.7,0.0,2.7	0.0,0.0,0.0,1.0,0.0,6.0
0.0,0.0,0.0,1.2,0.0,1.2	0.0,0.0,0.0,1.0,0.0,0.0
0.0,0.0,0.0,0.0,0.0,2.3	0.0,0.0,0.0,0.0,0.0,3.0
0.0,0.0,1.0,0.0,0.0,1.2	0.0,0.0,1.0,0.0,0.0,0.0
0.0,0.0,0.0,0.0,1.2,1.0	0.0,0.0,0.0,0.0,1.0,0.0
0.0,0.0,0.0,0.0,1.3,3.8	0.0,0.0,0.0,0.0,2.0,3.0
0.0,0.0,1.1,0.0,0.0,1.0	0.0,0.0,1.0,0.0,0.0,0.0
0.0,1.4,0.0,0.0,0.0,2.6	0.0,1.0,0.0,0.0,0.0,2.0
0.0,0.0,0.0,0.0,1.3,2.0	0.0,0.0,0.0,0.0,2.0,2.0
1.86666666667,0.0,0.0,0.0,0.0,1.83333333333	2.0,0.0,0.0,0.0,0.0,5.0
0.0,0.0,0.0,1.2,0.0,3.0	0.0,0.0,0.0,2.0,0.0,2.0
0.0,0.0,1.2,0.0,0.0,1.5	0.0,0.0,1.0,0.0,0.0,2.0
0.0,1.2,0.0,0.0,0.0,1.1	0.0,1.0,0.0,0.0,0.0,0.0
0.0,1.0,0.0,0.0,0.0,1.0	0.0,1.0,0.0,0.0,0.0,1.0
0.0,0.0,1.0,0.0,0.8,0.909090909091	0.0,0.0,1.0,0.0,1.0,0.0
0.0,0.0,0.0,0.0,1.0,1.0	0.0,0.0,0.0,0.0,1.0,0.0
0.0,0.0,0.0,1.0,0.0,0.9	0.0,0.0,0.0,1.0,0.0,1.0
0.0,0.0,0.0,1.0,0.0,1.26	0.0,0.0,0.0,1.0,0.0,3.0
1.1,0.0,0.0,0.0,0.0,4.2	1.0,0.0,0.0,0.0,0.0,2.0
0.2,0.0,1.9,0.0,0.0,2.6	0.0,0.0,1.0,0.0,0.0,3.0
0.0,0.0,1.0,0.0,0.0,0.9	0.0,0.0,2.0,0.0,0.0,2.0
0.0,0.5,0.5,0.1,1.2,4.1	0.0,1.0,1.0,0.0,1.0,4.0
0.0,0.0,1.2,0.0,0.0,1.6	0.0,0.0,1.0,0.0,0.0,1.0
0.0,0.0,2.4,0.0,0.0,4.1	0.0,0.0,4.0,0.0,0.0,4.0
0.0,0.0,0.0,0.0,0.0,3.0	0.0,0.0,0.0,0.0,0.0,3.0
0.0,0.0,0.0,0.0,1.2,3.4	0.0,0.0,0.0,0.0,1.0,4.0
0.0,0.0,0.0,1.3,0.0,1.9	0.0,0.0,0.0,1.0,0.0,3.0
0.0,1.7,0.0,0.0,0.0,2.9	0.0,2.0,0.0,0.0,0.0,3.0
0.0,0.0,0.0,0.0,0.0,2.8	0.0,0.0,0.0,0.0,0.0,3.0
0.0,0.0,0.0,0.0,0.0,1.72249172396	0.0,0.0,0.0,0.0,0.0,0.0
0.1,0.0,1.9,0.0,0.1,3.4	0.0,0.0,2.0,0.0,0.0,4.0
1.0,0.0,0.1,0.0,0.1,1.0	1.0,0.0,0.0,0.0,0.0,4.0
0.0,1.0,0.0,0.0,0.0,0.9	0.0,1.0,0.0,0.0,0.0,0.0
0.0,0.6,0.0,0.1,0.2,1.7	0.0,0.0,1.0,0.0,0.0,2.0
1.3,0.0,0.0,0.0,0.0,2.4	1.0,0.0,0.0,0.0,0.0,3.0
0.0,1.1,0.0,0.0,0.0,0.8	0.0,1.0,0.0,0.0,0.0,1.0
0.0,1.1,0.0,0.0,0.0,1.9	0.0,1.0,0.0,0.0,0.0,3.0
1.2,0.0,0.0,0.0,0.0,1.3	1.0,0.0,0.0,0.0,0.0,3.0
0.0,0.0,0.0,0.0,0.0,3.3	0.0,0.0,0.0,0.0,0.0,3.0
0.0,0.0,0.0,0.0,0.0,2.9	0.0,0.0,0.0,0.0,0.0,3.0
0.0,1.2,0.0,0.0,0.0,1.9	0.0,1.0,0.0,0.0,0.0,2.0
0.0,1.1,0.0,0.0,0.0,6.4	0.0,1.0,0.0,0.0,0.0,5.0
0.0,0.0,0.0,0.0,1.4,2.2	0.0,0.0,0.0,0.0,1.0,4.0
0.0,0.0,0.0,0.0,1.0,2.0	0.0,0.0,0.0,0.0,1.0,1.0
0.0,0.0,0.0,0.0,1.3,0.9	0.0,0.0,0.0,0.0,1.0,2.0
0.0,0.0,0.0,0.0,1.0,0.5	0.0,0.0,0.0,0.0,1.0,3.0
1.6,0.0,0.0,0.0,0.0,3.2	2.0,0.0,0.0,0.0,0.0,3.0
0.0,0.0,1.3,0.0,0.0,0.95	0.0,0.0,1.0,0.0,0.0,2.0
0.0,0.0,0.0,0.0,1.57727272727,2.95	0.0,0.0,0.0,0.0,2.0,3.0
0.0,1.4,0.0,0.0,0.0,2.8	0.0,2.0,0.0,0.0,0.0,3.0
0.0,0.0,0.0,1.0,0.0,2.0	0.0,0.0,0.0,1.0,0.0,4.0
1.4,0.0,0.0,0.1,0.0,1.5	1.0,0.0,0.0,0.0,0.0,1.0
0.0,1.2,0.0,0.0,0.0,2.16	0.0,2.0,0.0,0.0,0.0,1.0
1.1,0.0,0.0,0.0,0.0,0.95	1.0,0.0,0.0,0.0,0.0,0.0
0.0,0.0,1.6,0.0,0.0,1.1	0.0,0.0,1.0,0.0,0.0,0.0
0.0,0.0,0.0,0.0,0.0,3.0	0.0,0.0,0.0,0.0,0.0,1.0
0.0,0.0,0.0,1.72238095238,0.0,4.0	0.0,0.0,0.0,1.0,0.0,6.0
0.0,0.0,0.0,0.0,1.1,2.9	0.0,0.0,0.0,0.0,2.0,4.0
1.0,0.0,0.0,0.0,0.0,0.1	1.0,0.0,0.0,0.0,0.0,0.0
0.0,1.0,0.0,0.0,0.1,2.1	0.0,1.0,0.0,0.0,1.0,3.0
0.0,0.0,1.8,0.0,0.0,1.8	0.0,0.0,2.0,0.0,0.0,2.0
0.0,0.0,0.0,0.0,1.3,3.4	0.0,0.0,0.0,0.0,2.0,3.0
0.0,0.0,0.0,1.9,0.0,4.0	0.0,0.0,0.0,2.0,0.0,5.0
0.0,0.0,1.6,0.0,0.0,2.6	0.0,0.0,2.0,0.0,0.0,2.0
0.0,0.3,0.1,1.4,1.0,3.5	0.0,0.0,0.0,1.0,1.0,5.0
0.0,0.0,1.0,0.0,0.0,1.30579365079	0.0,0.0,1.0,0.0,0.0,0.0
0.0,1.1,0.0,0.0,0.0,1.1	0.0,1.0,0.0,0.0,0.0,1.0
0.0,0.0,0.0,0.0,0.0,2.0	0.0,0.0,0.0,0.0,0.0,2.0
0.0,0.0,1.1,0.9,0.0,1.2	0.0,0.0,1.0,1.0,0.0,3.0
0.0,0.0,1.1,0.0,0.1,2.1	0.0,0.0,1.0,0.0,0.0,3.0
1.71111111111,0.0,0.0,0.0,0.0,2.77777777778	1.0,0.0,0.0,0.0,0.0,2.0
0.0,1.1,0.0,0.0,0.0,1.7	0.0,2.0,0.0,0.0,0.0,1.0
0.0,0.0,0.0,1.4,0.0,2.7	0.0,0.0,0.0,1.0,0.0,4.0
0.0,0.0,0.0,0.0,2.6,4.4	0.0,0.0,0.0,0.0,8.0,0.0
0.0,0.0,0.0,0.0,1.3,1.5	0.0,0.0,0.0,0.0,1.0,0.0
0.0,0.0,0.0,1.7,0.0,2.2	0.0,0.0,0.0,1.0,0.0,5.0
0.0,0.0,1.2,0.0,0.0,1.5	0.0,0.0,1.0,0.0,0.0,2.0
0.0,0.0,0.0,1.3,0.0,3.0	0.0,0.0,0.0,2.0,0.0,5.0
0.0,1.3,0.0,0.0,0.0,1.85	0.0,2.0,0.0,0.0,0.0,2.0
1.1,0.0,0.0,0.0,0.0,2.9	2.0,0.0,0.0,0.0,0.0,1.0
0.0,0.0,0.0,0.0,1.0,1.1	0.0,0.0,0.0,0.0,1.0,2.0
0.0,0.0,0.0,0.0,0.0,2.93333333333	0.0,0.0,0.0,0.0,0.0,3.0
1.0,0.0,0.0,0.1,1.0,1.7	1.0,0.0,0.0,0.0,1.0,0.0
0.0,0.0,1.1,0.0,0.0,2.8	0.0,0.0,2.0,0.0,0.0,1.0
0.0,0.0,1.2,0.0,0.0,1.6	0.0,0.0,2.0,0.0,0.0,3.0
1.0,0.0,0.0,0.0,0.0,0.0	1.0,0.0,0.0,0.0,0.0,0.0
0.0,0.4,0.2,0.2,0.2,2.0	0.0,0.0,0.0,0.0,1.0,2.0
0.0,0.0,1.4,0.0,0.0,2.8	0.0,0.0,1.0,0.0,0.0,3.0
0.0,1.4,0.0,0.0,0.0,2.9	0.0,1.0,0.0,0.0,0.0,3.0
0.0,0.0,0.0,1.1,0.0,2.1	0.0,0.0,0.0,1.0,0.0,3.0
0.0,0.0,0.0,0.0,1.0,2.0	0.0,0.0,0.0,0.0,1.0,3.0
0.0,0.0,0.0,1.2,0.0,2.1	0.0,0.0,0.0,2.0,0.0,3.0
0.1,0.0,1.2,0.0,0.0,2.8	0.0,0.0,1.0,0.0,0.0,3.0
1.0,0.0,0.0,0.0,0.0,1.2	1.0,0.0,0.0,0.0,0.0,1.0
0.0,0.0,0.0,0.0,0.0,3.36666666667	0.0,0.0,0.0,0.0,0.0,4.0
0.0,1.0,0.0,0.0,0.0,1.0	0.0,1.0,0.0,0.0,0.0,2.0
0.0,0.0,1.6,0.0,0.0,2.4	0.0,0.0,1.0,0.0,0.0,2.0
0.0,0.0,0.0,0.0,1.6,2.3	0.0,0.0,0.0,0.0,2.0,3.0
0.0,1.8,0.0,0.0,0.0,5.7	0.0,3.0,0.0,0.0,0.0,8.0
0.0,1.25,0.0,0.0,0.0,1.95	0.0,1.0,0.0,0.0,0.0,3.0
0.0,0.0,0.0,0.0,1.7,4.1	0.0,0.0,0.0,0.0,3.0,3.0
0.0,0.0,0.0,0.0,1.1,0.8	0.0,0.0,0.0,0.0,1.0,1.0
0.0,0.0,1.3,0.0,0.0,1.5	0.0,0.0,1.0,0.0,0.0,0.0
1.3,0.0,0.0,0.0,0.0,2.6	1.0,0.0,0.0,0.0,0.0,4.0
0.0,1.3,0.0,0.0,0.0,2.3	0.0,1.0,0.0,0.0,0.0,4.0
0.0,1.0,0.0,0.0,0.0,1.1	0.0,2.0,0.0,0.0,0.0,2.0
0.0,1.1,0.0,0.0,0.0,1.6	0.0,1.0,0.0,0.0,0.0,2.0
0.0,0.0,0.0,0.0,0.0,3.3	0.0,0.0,0.0,0.0,0.0,1.0
0.0,0.0,0.0,0.0,1.5,0.5	0.0,0.0,0.0,0.0,1.0,0.0
0.1,0.0,1.0,1.1,0.2,2.1	0.0,0.0,1.0,1.0,0.0,2.0
0.0,0.0,0.0,0.0,0.0,4.1	0.0,0.0,0.0,0.0,0.0,4.0
0.0,0.0,0.0,0.0,0.0,1.2	0.0,0.0,0.0,0.0,0.0,3.0
0.0,0.0,1.5,0.0,0.0,5.3	0.0,0.0,2.0,0.0,0.0,6.0
0.0,0.0,0.0,1.0,0.0,1.0	0.0,0.0,0.0,1.0,0.0,1.0
0.0,1.4,0.0,0.0,0.0,3.1	0.0,1.0,0.0,0.0,0.0,5.0
0.0,1.6,0.0,0.0,0.0,1.7	0.0,1.0,0.0,0.0,0.0,3.0
0.0,1.1,0.0,0.0,0.0,1.5	0.0,1.0,0.0,0.0,0.0,1.0
0.0,1.3,0.0,0.0,0.2,1.5	0.0,1.0,0.0,0.0,1.0,0.0
0.0,0.0,0.0,0.0,1.6,2.5	0.0,0.0,0.0,0.0,1.0,2.0
0.0,1.1,0.0,0.0,0.0,2.2	0.0,1.0,0.0,0.0,0.0,1.0
0.0,0.0,0.0,0.0,0.0,4.8	0.0,0.0,0.0,0.0,0.0,4.0
0.0,0.0,0.0,0.0,1.6,3.3	0.0,0.0,0.0,0.0,1.0,3.0
0.0,0.0,0.0,0.0,0.0,3.1	0.0,0.0,0.0,0.0,0.0,3.0
1.1,0.3,0.0,1.0,0.0,2.4	1.0,1.0,0.0,1.0,0.0,1.0
0.0,0.0,0.0,0.0,1.9,2.3	0.0,0.0,0.0,0.0,1.0,3.0
0.0,1.2,0.0,0.0,0.0,2.82	0.0,1.0,0.0,0.0,0.0,3.0
1.0,0.0,0.0,0.0,0.0,0.525	1.0,0.0,0.0,0.0,0.0,0.0
0.1,0.0,0.0,0.0,1.66071428571,4.75178571429	0.0,0.0,0.0,0.0,2.0,2.0
0.0,1.2,0.0,0.0,0.0,1.6	0.0,1.0,0.0,0.0,0.0,3.0
0.0,0.0,0.0,1.0,0.0,0.9	0.0,0.0,0.0,1.0,0.0,2.0
0.0,0.0,1.6,0.0,0.0,2.4	0.0,0.0,2.0,0.0,0.0,3.0
1.1,0.0,0.0,0.0,0.0,1.7	1.0,0.0,0.0,0.0,0.0,1.0
0.0,0.0,0.0,1.0,0.0,2.1	0.0,0.0,0.0,2.0,0.0,1.0
0.0,0.0,0.0,1.1,0.0,2.3	0.0,0.0,0.0,1.0,0.0,5.0
0.0,0.0,0.0,1.9,0.0,3.9	0.0,0.0,0.0,1.0,0.0,1.0
0.0,0.0,0.0,1.3,0.0,2.3	0.0,0.0,0.0,1.0,0.0,1.0
0.0,0.0,0.0,0.0,0.0,2.0	0.0,0.0,0.0,0.0,0.0,2.0
1.6,0.0,0.0,0.0,0.0,1.5	2.0,0.0,0.0,0.0,0.0,1.0
0.0,1.4,0.0,0.2,0.0,2.3	0.0,1.0,0.0,1.0,0.0,4.0
1.0,0.0,1.0,0.2,0.0,0.5	1.0,0.0,1.0,1.0,0.0,3.0
0.0,0.0,0.0,0.0,1.2,2.5	0.0,0.0,0.0,0.0,1.0,3.0
0.0,0.0,0.0,1.3,0.0,0.7	0.0,0.0,0.0,1.0,0.0,1.0
0.0,0.0,0.0,1.3,0.0,2.0	0.0,0.0,0.0,1.0,0.0,1.0
1.1,0.0,0.1,0.0,0.9,0.9	1.0,0.0,0.0,0.0,1.0,1.0
0.0,0.0,0.0,1.2,0.0,2.2	0.0,0.0,0.0,1.0,0.0,1.0
1.0,0.0,0.0,0.4,1.0,1.1	1.0,0.0,0.0,1.0,1.0,0.0
0.0,1.1,0.0,0.0,0.0,2.6	0.0,2.0,0.0,0.0,0.0,4.0
0.0,1.1,0.0,0.0,0.0,2.1	0.0,1.0,0.0,0.0,0.0,1.0
0.0,0.3,0.2,0.3,0.0,2.4	0.0,0.0,1.0,0.0,0.0,2.0
0.0,0.0,0.0,0.0,1.7,2.7	0.0,0.0,0.0,0.0,2.0,2.0
1.4,0.0,0.0,0.0,0.0,1.5	1.0,0.0,0.0,0.0,0.0,2.0
0.0,0.0,0.0,0.0,0.0,1.4	0.0,0.0,0.0,0.0,0.0,1.0
0.0,0.0,1.1,0.0,0.1,1.1	0.0,0.0,1.0,0.0,0.0,1.0
1.0,0.0,0.0,0.0,0.0,2.2	1.0,0.0,0.0,0.0,0.0,1.0
1.0,0.0,0.0,0.0,0.0,2.2	1.0,0.0,0.0,0.0,0.0,2.0
1.1,0.0,0.0,0.0,0.0,2.2	1.0,0.0,0.0,0.0,0.0,2.0
0.0,0.0,0.0,1.2,1.2,3.0	0.0,0.0,0.0,2.0,2.0,2.0
0.0,1.1,0.0,0.1,0.0,1.3	0.0,1.0,0.0,0.0,0.0,1.0
0.1,0.1,1.1,0.0,0.0,2.6	0.0,0.0,1.0,0.0,0.0,4.0
0.0,0.0,0.0,1.35,0.0,3.86666666667	0.0,0.0,0.0,1.0,0.0,3.0
1.0,0.0,0.0,0.0,0.0,0.575	1.0,0.0,0.0,0.0,0.0,0.0
2.0,0.0,0.0,0.0,0.0,2.8	3.0,0.0,0.0,0.0,0.0,5.0
0.0,0.0,0.0,0.0,1.0,1.8	0.0,0.0,0.0,0.0,1.0,1.0
0.0,0.0,0.0,1.4,0.0,1.8	0.0,0.0,0.0,1.0,0.0,2.0
0.0,1.0,0.0,0.0,0.0,3.7	0.0,1.0,0.0,0.0,0.0,4.0
1.3,0.0,0.0,0.0,0.0,3.2	1.0,0.0,0.0,0.0,0.0,3.0
0.0,0.0,0.0,0.0,0.0,2.1	0.0,0.0,0.0,0.0,0.0,1.0
0.0,0.0,1.1,0.0,0.0,1.8	0.0,0.0,1.0,0.0,0.0,3.0
0.0,0.0,0.0,0.0,1.7,2.5	0.0,0.0,0.0,0.0,1.0,3.0
0.0,0.0,1.1,0.0,0.0,0.933333333333	0.0,0.0,1.0,0.0,0.0,1.0
0.0,0.0,0.0,1.6,0.0,2.7	0.0,0.0,0.0,1.0,0.0,2.0
1.0,0.0,0.0,0.0,0.0,0.3	1.0,0.0,0.0,0.0,0.0,2.0
1.2,0.0,0.0,0.0,0.0,1.25	1.0,0.0,0.0,0.0,0.0,1.0
0.0,0.0,0.0,0.0,1.8,1.1	0.0,0.0,0.0,0.0,1.0,1.0
0.0,0.0,1.5,0.0,0.0,2.3	0.0,0.0,2.0,0.0,0.0,2.0
0.0,1.2,0.0,0.0,0.0,1.6	0.0,1.0,0.0,0.0,0.0,0.0
0.0,0.0,0.0,1.4,0.0,1.5	0.0,0.0,0.0,2.0,0.0,1.0
0.0,0.0,0.0,1.1,0.0,1.2	0.0,0.0,0.0,1.0,0.0,3.0
0.0,1.2,0.0,0.0,0.0,1.9	0.0,2.0,0.0,0.0,0.0,0.0
0.0,0.0,0.0,0.0,1.5,2.3	0.0,0.0,0.0,0.0,1.0,5.0
0.0,0.0,0.0,1.2,0.0,1.6	0.0,0.0,0.0,1.0,0.0,0.0
1.0,1.0,0.0,0.0,0.0,1.2	1.0,1.0,0.0,0.0,0.0,3.0
0.0,1.4,0.0,0.0,0.0,1.6	0.0,1.0,0.0,0.0,0.0,1.0
0.0,0.0,0.0,0.0,0.0,2.1	0.0,0.0,0.0,0.0,0.0,2.0
0.0,0.0,0.0,0.0,0.0,3.7	0.0,0.0,0.0,0.0,0.0,4.0
0.0,1.4,0.0,0.0,0.0,3.0	0.0,1.0,0.0,0.0,0.0,4.0
1.2,0.0,0.0,0.0,0.0,0.9	1.0,0.0,0.0,0.0,0.0,1.0
0.0,1.1,0.0,0.0,0.0,1.9	0.0,2.0,0.0,0.0,0.0,2.0
0.0,0.0,1.7,0.0,0.0,3.0	0.0,0.0,2.0,0.0,0.0,3.0
0.0,0.0,0.0,0.5,1.4,2.3	0.0,0.0,0.0,1.0,1.0,3.0
0.0,0.0,1.7,0.0,0.0,2.1	0.0,0.0,3.0,0.0,0.0,0.0
0.0,0.0,0.0,0.0,0.0,8.2	0.0,0.0,0.0,0.0,0.0,11.0
0.0,1.1,1.0,0.0,0.0,1.3	0.0,1.0,1.0,0.0,0.0,0.0
1.2,0.0,0.0,0.0,0.0,0.5	1.0,0.0,0.0,0.0,0.0,0.0
1.5,0.0,0.0,0.0,0.0,1.6	1.0,0.0,0.0,0.0,0.0,1.0
0.0,0.0,0.0,0.0,0.0,1.63333333333	0.0,0.0,0.0,0.0,0.0,2.0
0.0,0.0,0.0,0.0,0.0,3.7	0.0,0.0,0.0,0.0,0.0,4.0
0.0,1.2,0.0,0.0,0.2,1.4	0.0,1.0,0.0,0.0,0.0,1.0
0.0,0.0,1.0,0.0,0.0,1.4	0.0,0.0,1.0,0.0,0.0,0.0
0.1,0.0,0.0,1.5,0.0,3.73333333333	0.0,0.0,0.0,2.0,0.0,4.0
0.0,0.0,0.0,0.0,2.0,1.4	0.0,0.0,0.0,0.0,1.0,2.0
1.38333333333,0.0,0.0,0.0,0.0,2.13333333333	2.0,0.0,0.0,0.0,0.0,0.0
0.0,0.0,0.0,0.0,0.0,3.6	0.0,0.0,0.0,0.0,0.0,3.0
1.1,0.0,0.0,0.0,0.1,1.5	1.0,0.0,0.0,0.0,0.0,2.0
1.0,0.0,0.0,0.0,0.0,0.773560606061	1.0,0.0,0.0,0.0,0.0,2.0
1.0,0.0,0.0,0.0,0.0,1.8	1.0,0.0,0.0,0.0,0.0,5.0
0.0,0.0,0.0,1.13461399711,0.0,1.49778138528	0.0,0.0,0.0,1.0,0.0,2.0
0.0,1.3,0.0,0.0,0.0,2.2	0.0,1.0,0.0,0.0,0.0,3.0
0.0,0.0,1.6,0.0,0.0,4.0	0.0,0.0,2.0,0.0,0.0,3.0
0.0,0.0,0.0,0.0,0.0,7.9	0.0,0.0,0.0,0.0,0.0,8.0
0.0,1.0,0.0,0.0,0.0,1.7	0.0,1.0,0.0,0.0,0.0,1.0
0.0,0.0,0.0,1.7,0.0,2.96666666667	0.0,0.0,0.0,1.0,0.0,4.0
0.0,0.0,0.0,0.0,0.0,1.84924242424	0.0,0.0,0.0,0.0,0.0,2.0
0.0,0.0,0.0,1.7,0.0,2.0	0.0,0.0,0.0,1.0,0.0,3.0
0.0,0.0,0.0,1.3,0.0,2.2	0.0,0.0,0.0,2.0,0.0,2.0
0.0,0.0,0.0,1.7,0.0,2.3	0.0,0.0,0.0,1.0,0.0,4.0
1.8,0.0,0.0,0.0,0.0,3.3	1.0,0.0,0.0,0.0,0.0,3.0
2.2,0.0,0.0,0.0,0.0,3.5	2.0,0.0,0.0,0.0,0.0,5.0
0.0,0.0,1.5,0.0,0.0,2.4	0.0,0.0,1.0,0.0,0.0,2.0
0.0,0.0,1.1,1.0,0.0,1.5	0.0,0.0,1.0,1.0,0.0,4.0
1.1,0.1,0.2,0.0,1.2,4.025	1.0,0.0,0.0,0.0,1.0,6.0
0.0,0.0,0.0,0.0,1.0,1.1	0.0,0.0,0.0,0.0,1.0,0.0
0.0,0.0,0.0,0.0,1.6,1.0	0.0,0.0,0.0,0.0,2.0,2.0
0.0,1.6,0.0,0.0,0.0,2.4	0.0,2.0,0.0,0.0,0.0,3.0
0.0,0.0,0.0,1.0,0.0,2.5	0.0,0.0,0.0,1.0,0.0,1.0
0.0,1.2,0.0,0.0,0.0,2.2	0.0,1.0,0.0,0.0,0.0,1.0
1.08,0.0,0.0,0.0,0.0,1.12	1.0,0.0,0.0,0.0,0.0,0.0
0.0,1.0,1.0,0.0,0.0,1.4	0.0,1.0,1.0,0.0,0.0,0.0
0.0,0.0,0.0,0.0,1.0,0.9	0.0,0.0,0.0,0.0,1.0,0.0
1.1,0.0,0.0,0.0,0.0,3.1	1.0,0.0,0.0,0.0,0.0,3.0
1.0,0.0,0.0,0.0,0.0,0.8	1.0,0.0,0.0,0.0,0.0,2.0
0.0,0.0,1.7,0.0,0.0,1.5	0.0,0.0,1.0,0.0,0.0,4.0
0.0,0.0,1.0,0.1,0.6,1.3	0.0,0.0,1.0,0.0,1.0,0.0
0.0,0.1,0.0,0.1,0.0,2.17	0.0,0.0,0.0,0.0,0.0,4.0
0.0,0.0,1.1,0.0,0.0,1.9	0.0,0.0,1.0,0.0,0.0,2.0
1.1,0.0,0.1,0.1,0.0,1.5	2.0,0.0,0.0,0.0,0.0,1.0
0.0,0.0,1.2,0.0,0.0,1.4	0.0,0.0,1.0,0.0,0.0,1.0
0.0,0.0,1.0,0.0,0.0,4.6	0.0,0.0,1.0,0.0,0.0,3.0
0.0,1.3,0.0,0.0,0.0,1.0	0.0,1.0,0.0,0.0,0.0,1.0
0.0,0.0,0.0,1.51932915124,0.0,2.50821986837	0.0,0.0,0.0,1.0,0.0,4.0
1.0,0.0,0.0,0.0,0.0,1.11666666667	1.0,0.0,0.0,0.0,0.0,4.0
0.0,1.6,0.0,0.0,0.0,3.9	0.0,2.0,0.0,0.0,0.0,4.0
1.2,0.0,0.0,0.0,0.1,2.3	1.0,0.0,0.0,0.0,0.0,0.0
0.0,0.4,0.2,0.4,0.0,1.8	0.0,0.0,0.0,1.0,0.0,1.0
0.0,0.0,0.0,1.6,0.0,2.9	0.0,0.0,0.0,2.0,0.0,3.0
0.0,0.0,0.0,0.0,0.0,5.1	0.0,0.0,0.0,0.0,0.0,3.0
0.0,1.1,0.0,0.0,0.0,2.2	0.0,2.0,0.0,0.0,0.0,2.0
1.9,0.0,0.0,0.0,0.0,4.4	1.0,0.0,0.0,0.0,0.0,2.0
0.0,0.0,0.0,0.1,0.0,2.81333333333	0.0,0.0,0.0,0.0,0.0,3.0
2.0,0.0,0.0,0.0,0.0,2.23333333333	1.0,0.0,0.0,0.0,0.0,3.0
0.0,0.0,0.0,0.0,1.1,0.9	0.0,0.0,0.0,0.0,1.0,1.0
0.0,0.0,1.0,0.0,0.0,2.7	0.0,0.0,1.0,0.0,0.0,3.0
0.0,0.0,0.0,1.7,0.0,2.7	0.0,0.0,0.0,1.0,0.0,2.0
0.1,0.1,1.3,0.0,0.0,3.4	0.0,0.0,1.0,0.0,0.0,3.0
0.0,1.0,0.0,0.0,0.0,3.65833333333	0.0,2.0,0.0,0.0,0.0,4.0
0.0,0.0,0.0,0.0,0.0,3.5	0.0,0.0,0.0,0.0,0.0,4.0
0.0,0.0,1.3,0.0,0.1,1.1	0.0,0.0,1.0,0.0,0.0,0.0
0.0,0.0,0.0,0.0,1.3,2.8	0.0,0.0,0.0,0.0,1.0,1.0
0.0,1.1,0.0,0.0,0.0,1.45	0.0,1.0,0.0,0.0,0.0,1.0
0.0,0.0,0.5,0.8,0.0,2.0	0.0,0.0,1.0,1.0,0.0,0.0
0.0,0.0,0.0,1.4,0.0,3.2	0.0,0.0,0.0,2.0,0.0,3.0
0.0,1.9,0.0,0.0,0.0,4.5	0.0,3.0,0.0,0.0,0.0,4.0
0.0,0.0,0.0,0.0,0.0,2.8	0.0,0.0,0.0,0.0,0.0,4.0
0.0,0.0,0.0,0.0,1.2,2.53	0.0,0.0,0.0,0.0,1.0,3.0
0.0,0.0,1.6,0.0,0.0,4.0	0.0,0.0,2.0,0.0,0.0,2.0
0.0,0.0,1.3,0.0,0.0,1.1	0.0,0.0,2.0,0.0,0.0,3.0
0.0,0.0,1.0,0.0,0.0,2.0	0.0,0.0,1.0,0.0,0.0,2.0
0.0,0.0,0.0,1.68571428571,0.0,4.1	0.0,0.0,0.0,1.0,0.0,5.0
0.0,0.0,1.4,0.0,0.1,2.1	0.0,0.0,2.0,0.0,0.0,0.0
1.21952380952,0.0,0.0,0.1,0.0,1.55761904762	1.0,0.0,0.0,0.0,0.0,2.0
0.0,1.5,0.0,0.0,0.0,4.6	0.0,2.0,0.0,0.0,0.0,4.0
0.0,1.0,0.0,0.0,0.0,1.2	0.0,2.0,0.0,0.0,0.0,2.0
0.0,0.0,0.0,0.0,0.0,2.4	0.0,0.0,0.0,0.0,0.0,3.0
0.0,0.0,0.0,0.0,1.4,3.9	0.0,0.0,0.0,0.0,1.0,4.0
0.0,1.4,0.0,0.0,0.0,0.9	0.0,1.0,0.0,0.0,0.0,2.0
0.0,0.0,0.0,0.0,1.4,1.0	0.0,0.0,0.0,0.0,2.0,1.0
0.0,0.0,1.2,0.0,0.2,1.7	0.0,0.0,1.0,0.0,1.0,1.0
0.0,1.1,0.0,0.0,0.1,2.4	0.0,2.0,0.0,0.0,0.0,7.0
1.1,0.0,0.0,0.0,0.0,1.9	1.0,0.0,0.0,0.0,0.0,3.0
0.0,0.0,0.0,1.1,0.0,0.876666666667	0.0,0.0,0.0,1.0,0.0,0.0
0.0,0.0,1.2,0.0,0.0,1.6	0.0,0.0,1.0,0.0,0.0,1.0
1.2,0.0,0.0,0.0,0.0,2.2	1.0,0.0,0.0,0.0,0.0,1.0
0.0,1.2,0.0,0.1,0.1,1.2	0.0,1.0,0.0,0.0,0.0,0.0
0.0,1.2,0.0,0.0,0.0,0.3	0.0,1.0,0.0,0.0,0.0,1.0
0.0,1.4,0.0,0.0,0.0,1.2	0.0,1.0,0.0,0.0,0.0,2.0
0.0,0.0,0.0,0.0,1.0,2.17761904762	0.0,0.0,0.0,0.0,1.0,3.0
0.0,0.0,0.0,0.0,1.1,0.5	0.0,0.0,0.0,0.0,1.0,0.0
0.1,1.8,0.0,0.0,0.0,3.3	0.0,3.0,0.0,0.0,0.0,3.0
0.0,0.0,1.33333333333,0.0,0.0,1.96666666667	0.0,0.0,2.0,0.0,0.0,1.0
0.0,0.0,2.2,0.0,0.0,4.4	0.0,0.0,2.0,0.0,0.0,5.0
1.5,0.0,0.0,0.0,0.0,1.2	2.0,0.0,0.0,0.0,0.0,4.0
0.0,2.0,0.0,0.0,0.0,2.0	0.0,2.0,0.0,0.0,0.0,3.0
0.0,0.0,0.0,1.66,0.0,4.4	0.0,0.0,0.0,2.0,0.0,3.0
1.2,0.0,0.0,0.0,0.0,3.2	1.0,0.0,0.0,0.0,0.0,4.0
0.0,1.2,0.0,0.0,0.0,1.9	0.0,2.0,0.0,0.0,0.0,2.0
0.0,0.0,0.0,0.0,1.0,0.916666666667	0.0,0.0,0.0,0.0,1.0,1.0
0.0,1.5,0.0,0.0,0.0,0.6	0.0,2.0,0.0,0.0,0.0,2.0
0.0,0.0,0.0,0.0,1.01,1.83	0.0,0.0,0.0,0.0,1.0,3.0
0.0,0.0,1.3,0.0,0.0,1.7	0.0,0.0,1.0,0.0,0.0,2.0
1.5,0.0,0.0,0.0,0.0,1.6	1.0,0.0,0.0,0.0,0.0,1.0
0.0,0.0,0.0,0.0,1.0,0.900454545455	0.0,0.0,0.0,0.0,1.0,0.0
0.0,0.0,0.0,1.1,0.0,0.8	0.0,0.0,0.0,1.0,0.0,0.0
0.0,0.0,0.0,1.180503663,0.0,2.58586385836	0.0,0.0,0.0,1.0,0.0,3.0
1.4,0.0,0.0,0.0,0.0,1.0	2.0,0.0,0.0,0.0,0.0,3.0
0.0,0.0,1.6,0.0,0.0,2.6	0.0,0.0,1.0,0.0,0.0,4.0
0.0,0.0,0.0,0.0,0.0,4.2	0.0,0.0,0.0,0.0,0.0,2.0
0.0,0.0,1.1,0.0,0.0,0.8	0.0,0.0,1.0,0.0,0.0,1.0
1.0,0.0,0.0,0.0,0.0,1.0	1.0,0.0,0.0,0.0,0.0,1.0
0.0,0.0,0.0,0.0,1.4,4.4	0.0,0.0,0.0,0.0,1.0,0.0
0.0,0.0,0.0,0.0,0.0,2.1	0.0,0.0,0.0,0.0,0.0,2.0
1.1,0.0,0.6,0.0,0.0,1.7	1.0,0.0,1.0,0.0,0.0,1.0
1.0,0.0,0.0,1.0,1.0,1.3	1.0,0.0,0.0,1.0,1.0,3.0
0.0,0.0,0.0,1.3,0.0,1.5	0.0,0.0,0.0,1.0,0.0,0.0
0.0,0.0,1.3,0.0,0.0,2.1	0.0,0.0,1.0,0.0,0.0,3.0
0.0,0.0,0.0,0.0,1.0,2.6	0.0,0.0,0.0,0.0,1.0,5.0
0.0,0.0,1.5,0.0,0.0,3.0	0.0,0.0,2.0,0.0,0.0,3.0
0.0,1.3,0.0,0.1,0.0,2.0	0.0,1.0,0.0,0.0,0.0,2.0
0.0,0.0,0.0,0.0,1.45753968254,3.74285714286	0.0,0.0,0.0,0.0,2.0,4.0
0.0,1.0,0.0,0.0,0.9,0.6	0.0,1.0,0.0,0.0,1.0,0.0
0.0,0.0,0.0,0.0,0.0,0.708333333333	0.0,0.0,0.0,0.0,0.0,3.0
2.2,0.0,0.0,0.0,0.0,4.1	3.0,0.0,0.0,0.0,0.0,4.0
0.0,1.0,0.0,0.0,0.0,1.27	0.0,1.0,0.0,0.0,0.0,0.0
0.0,0.0,1.3,0.0,0.0,2.0	0.0,0.0,1.0,0.0,0.0,1.0
0.0,0.0,0.0,1.1,0.0,2.6	0.0,0.0,0.0,2.0,0.0,1.0
1.0,1.0,0.0,0.0,0.0,1.4	1.0,1.0,0.0,0.0,0.0,1.0
1.0,0.0,0.0,0.0,0.0,0.0	1.0,0.0,0.0,0.0,0.0,0.0
0.0,0.0,0.0,0.0,1.1,1.5	0.0,0.0,0.0,0.0,1.0,0.0
0.0,0.0,1.25,0.0,0.0,2.75	0.0,0.0,2.0,0.0,0.0,2.0
0.0,0.0,0.0,0.0,0.0,1.7	0.0,0.0,0.0,0.0,0.0,2.0
0.0,0.0,1.5,0.0,0.1,1.2	0.0,0.0,2.0,0.0,0.0,1.0
0.0,0.0,0.0,0.0,1.2,2.6	0.0,0.0,0.0,0.0,1.0,3.0
1.0,0.0,0.0,0.0,0.0,0.6	1.0,0.0,0.0,0.0,0.0,3.0
1.2,0.0,0.0,0.0,0.0,2.9	2.0,0.0,0.0,0.0,0.0,4.0
0.0,0.0,1.2,0.0,0.0,2.4	0.0,0.0,2.0,0.0,0.0,3.0
0.0,0.0,1.28095238095,0.0,0.0,3.67857142857	0.0,0.0,2.0,0.0,0.0,2.0
0.0,0.0,1.5,0.3,0.2,2.2	0.0,0.0,2.0,0.0,0.0,3.0
0.0,0.0,0.0,1.47142857143,0.0,2.0	0.0,0.0,0.0,1.0,0.0,0.0
0.0,0.0,0.0,0.0,1.1,0.2	0.0,0.0,0.0,0.0,1.0,1.0
0.0,0.0,0.0,0.1,1.0,1.3	0.0,0.0,0.0,0.0,1.0,1.0
1.1,1.0,0.0,0.0,0.0,0.7	1.0,1.0,0.0,0.0,0.0,0.0
1.1,0.0,0.0,0.0,0.0,0.6	2.0,0.0,0.0,0.0,0.0,2.0
0.0,0.0,0.0,1.3,0.0,1.8	0.0,0.0,0.0,1.0,0.0,3.0
0.0,1.1,0.0,0.0,0.0,1.04	0.0,1.0,0.0,0.0,0.0,1.0
0.0,1.4,0.0,0.0,0.0,1.8	0.0,1.0,0.0,0.0,0.0,4.0
0.0,0.0,0.0,0.0,1.3,2.1	0.0,0.0,0.0,0.0,1.0,1.0
0.0,0.0,0.0,1.5,0.0,2.5	0.0,0.0,0.0,1.0,0.0,3.0
0.0,1.5,0.0,0.0,0.0,4.2	0.0,2.0,0.0,0.0,0.0,3.0
0.0,1.0,0.0,0.1,0.1,1.8	0.0,1.0,0.0,0.0,0.0,2.0
0.0,0.0,0.0,0.0,1.0,0.9	0.0,0.0,0.0,0.0,1.0,2.0
0.0,0.0,0.0,0.0,0.0,3.0	0.0,0.0,0.0,0.0,0.0,3.0
0.0,0.0,0.0,0.0,0.0,2.0	0.0,0.0,0.0,0.0,0.0,2.0
0.0,1.35,0.0,0.0,0.0,1.05	0.0,2.0,0.0,0.0,0.0,2.0
0.0,0.0,0.0,0.0,0.0,4.5	0.0,0.0,0.0,0.0,0.0,3.0
0.0,0.0,1.3,0.0,0.0,1.2	0.0,0.0,1.0,0.0,0.0,2.0
0.0,0.0,0.0,0.0,1.0,1.9	0.0,0.0,0.0,0.0,1.0,2.0
0.0,0.0,0.0,1.5,0.0,2.2	0.0,0.0,0.0,1.0,0.0,1.0
0.0,0.0,0.0,0.0,1.2,0.4	0.0,0.0,0.0,0.0,1.0,2.0
0.0,0.0,1.5,0.0,0.0,2.5	0.0,0.0,2.0,0.0,0.0,2.0
0.0,1.2,0.0,0.0,0.0,0.8	0.0,1.0,0.0,0.0,0.0,1.0
0.1,0.0,0.0,0.0,1.975,3.8375	0.0,0.0,0.0,0.0,2.0,3.0
0.0,0.0,0.0,0.2,1.4,1.4	0.0,0.0,0.0,0.0,2.0,2.0
0.0,0.0,0.0,0.0,1.0,2.7	0.0,0.0,0.0,0.0,2.0,1.0
0.0,0.0,0.0,0.0,1.0,2.5	0.0,0.0,0.0,0.0,1.0,2.0
0.0,0.0,0.0,0.0,1.50833333333,3.33333333333	0.0,0.0,0.0,0.0,1.0,4.0
0.0,0.0,0.0,0.0,0.0,3.0	0.0,0.0,0.0,0.0,0.0,3.0
0.0,0.0,0.0,0.0,0.0,2.4	0.0,0.0,0.0,0.0,0.0,3.0
0.0,0.0,0.0,1.0,0.0,1.0	0.0,0.0,0.0,2.0,0.0,2.0
0.0,0.0,0.0,0.0,1.1,2.9	0.0,0.0,0.0,0.0,1.0,4.0
0.0,0.0,0.0,0.1,0.0,2.4	0.0,0.0,0.0,0.0,0.0,2.0
0.0,1.0,1.0,0.1,0.1,1.1	0.0,1.0,1.0,0.0,0.0,1.0
0.0,0.0,1.05,0.3,0.0,1.2	0.0,0.0,1.0,1.0,0.0,0.0
0.0,0.0,0.0,0.0,0.0,2.6	0.0,0.0,0.0,0.0,0.0,3.0
0.0,0.0,0.0,1.1,0.0,1.5	0.0,0.0,0.0,1.0,0.0,5.0
0.0,0.0,1.7,0.0,0.0,0.8	0.0,0.0,2.0,0.0,0.0,1.0
0.0,0.0,1.5,0.0,0.0,2.7	0.0,0.0,2.0,0.0,0.0,3.0
0.0,1.0,0.0,0.0,0.0,1.1	0.0,1.0,0.0,0.0,0.0,0.0
0.0,1.3,0.0,0.0,0.0,1.7	0.0,2.0,0.0,0.0,0.0,3.0
0.0,0.0,0.0,0.0,1.1,4.4	0.0,0.0,0.0,0.0,2.0,3.0
0.0,0.0,0.0,0.0,0.0,7.2	0.0,0.0,0.0,0.0,0.0,5.0
0.0,0.0,0.0,0.0,1.4,2.4	0.0,0.0,0.0,0.0,3.0,5.0
1.6,0.0,0.0,0.0,0.0,4.0	3.0,0.0,0.0,0.0,0.0,2.0
0.0,1.0,0.0,0.0,0.0,0.4	0.0,1.0,0.0,0.0,0.0,1.0
0.0,1.5,0.0,0.1,0.0,2.9	0.0,1.0,0.0,0.0,0.0,0.0
0.0,0.0,1.5,0.0,0.0,2.3	0.0,0.0,2.0,0.0,0.0,3.0
2.2,0.0,0.0,0.0,0.0,3.8	1.0,0.0,0.0,0.0,0.0,6.0
0.0,0.0,1.0,0.0,0.0,1.88793726741	0.0,0.0,1.0,0.0,0.0,1.0
0.0,0.0,1.3,0.0,0.0,2.7	0.0,0.0,1.0,0.0,0.0,2.0
0.0,1.0,0.0,0.0,0.0,0.91	0.0,1.0,0.0,0.0,0.0,0.0
0.0,0.0,0.0,1.5,0.0,2.1	0.0,0.0,0.0,1.0,0.0,1.0
1.2,0.0,0.0,0.0,0.0,2.4	1.0,0.0,0.0,0.0,0.0,1.0
0.0,0.0,0.0,0.0,1.2,2.2	0.0,0.0,0.0,0.0,1.0,3.0
0.0,0.0,0.0,1.6,0.0,2.2	0.0,0.0,0.0,2.0,0.0,1.0
0.0,1.4,0.0,0.0,0.1,1.6	0.0,1.0,0.0,0.0,0.0,0.0
0.0,0.0,0.0,1.0,0.0,1.35	0.0,0.0,0.0,1.0,0.0,0.0
0.0,0.0,0.0,0.0,0.0,2.225	0.0,0.0,0.0,0.0,0.0,2.0
1.1,0.0,0.0,0.0,0.0,1.25	1.0,0.0,0.0,0.0,0.0,3.0
0.0,0.0,1.3,0.0,0.0,1.3	0.0,0.0,1.0,0.0,0.0,4.0
0.0,0.0,0.0,1.1,0.0,1.9	0.0,0.0,0.0,1.0,0.0,2.0
0.0,0.0,1.3,0.0,0.0,2.2	0.0,0.0,1.0,0.0,0.0,1.0
0.0,1.3,0.0,0.1,0.0,2.6	0.0,1.0,0.0,0.0,0.0,2.0
0.0,1.0,0.0,0.0,0.0,1.25	0.0,1.0,0.0,0.0,0.0,1.0
0.0,0.0,0.0,1.5,0.0,2.9	0.0,0.0,0.0,1.0,0.0,3.0
0.0,1.3,0.0,0.0,0.0,3.1	0.0,2.0,0.0,0.0,0.0,1.0
0.0,0.0,0.0,0.0,1.4,1.8	0.0,0.0,0.0,0.0,1.0,2.0
0.0,0.0,0.0,0.7,1.0,0.9	0.0,0.0,0.0,1.0,1.0,1.0
0.0,0.0,0.0,1.1,0.0,1.2	0.0,0.0,0.0,1.0,0.0,1.0
2.0,0.0,0.0,0.0,0.0,3.7	2.0,0.0,0.0,0.0,0.0,2.0
0.0,0.0,0.0,1.1,0.0,3.2	0.0,0.0,0.0,2.0,0.0,1.0
0.0,0.0,1.1,0.0,0.0,2.8	0.0,0.0,1.0,0.0,0.0,3.0
0.0,0.0,0.0,0.0,1.5,1.1	0.0,0.0,0.0,0.0,2.0,2.0
0.0,0.0,1.0,0.0,0.0,0.508333333333	0.0,0.0,1.0,0.0,0.0,1.0
0.0,0.0,0.0,1.3,0.0,2.2	0.0,0.0,0.0,1.0,0.0,2.0
0.0,0.0,0.0,0.0,0.0,3.2	0.0,0.0,0.0,0.0,0.0,4.0
0.0,0.0,0.0,0.0,0.0,2.9	0.0,0.0,0.0,0.0,0.0,3.0
0.0,0.0,0.0,1.4,0.0,2.2	0.0,0.0,0.0,1.0,0.0,3.0
0.0,0.0,0.0,0.0,1.82142857143,3.39285714286	0.0,0.0,0.0,0.0,2.0,4.0
0.0,1.15,0.0,0.0,0.0,2.05	0.0,2.0,0.0,0.0,0.0,2.0
0.0,0.0,1.2,0.0,0.0,1.9	0.0,0.0,1.0,0.0,0.0,0.0
0.0,0.0,0.0,0.0,0.0,3.0	0.0,0.0,0.0,0.0,0.0,3.0
0.0,0.0,0.0,1.4,0.0,2.3	0.0,0.0,0.0,2.0,0.0,2.0
0.0,0.0,0.0,0.0,1.50833333333,4.59166666667	0.0,0.0,0.0,0.0,2.0,4.0
1.0,0.0,0.0,0.0,0.0,2.3	1.0,0.0,0.0,0.0,0.0,4.0
0.0,0.0,1.0,0.0,0.0,0.9	0.0,0.0,1.0,0.0,0.0,2.0
0.0,0.0,2.4,0.0,0.0,3.6	0.0,0.0,3.0,0.0,0.0,5.0
0.0,0.0,0.0,1.9,0.0,2.8	0.0,0.0,0.0,2.0,0.0,2.0
1.3,0.0,0.0,0.0,0.0,1.7	1.0,0.0,0.0,0.0,0.0,2.0
0.0,2.0,0.0,0.0,0.0,3.0	0.0,2.0,0.0,0.0,0.0,2.0
0.0,1.1,0.0,0.1,0.1,2.1	0.0,1.0,0.0,0.0,0.0,1.0
0.0,0.0,0.0,0.0,0.0,2.1	0.0,0.0,0.0,0.0,0.0,2.0
0.0,1.0,0.0,0.6,0.1,0.9	0.0,1.0,0.0,1.0,0.0,2.0
0.0,0.0,0.0,1.3,0.0,2.2	0.0,0.0,0.0,2.0,0.0,4.0
0.0,0.0,0.0,0.0,1.0,2.1	0.0,0.0,0.0,0.0,1.0,0.0
0.0,1.6,0.0,0.0,0.0,3.3	0.0,2.0,0.0,0.0,0.0,2.0
0.0,0.0,0.0,0.0,1.31666666667,4.36666666667	0.0,0.0,0.0,0.0,1.0,5.0
0.0,0.0,0.0,0.0,0.0,2.3	0.0,0.0,0.0,0.0,0.0,3.0
0.0,0.0,0.0,0.0,1.3,2.1	0.0,0.0,0.0,0.0,1.0,3.0
0.0,0.0,0.0,0.0,2.6,4.9	0.0,0.0,0.0,0.0,2.0,2.0
0.0,0.0,1.8,0.0,0.0,3.6	0.0,0.0,1.0,0.0,0.0,5.0
0.0,0.0,1.2,0.0,0.0,0.6	0.0,0.0,2.0,0.0,0.0,2.0
0.0,0.0,1.24761904762,0.0,0.0,3.87380952381	0.0,0.0,2.0,0.0,0.0,3.0
0.0,1.0,0.0,1.0,0.0,0.3	0.0,1.0,0.0,1.0,0.0,1.0
0.0,1.4,0.0,0.0,0.2,2.0	0.0,1.0,0.0,0.0,1.0,3.0
0.0,0.0,0.0,1.5,0.0,2.7	0.0,0.0,0.0,1.0,0.0,4.0
0.0,0.0,0.0,0.0,1.7,2.9	0.0,0.0,0.0,0.0,1.0,4.0
1.2,0.0,0.0,0.0,0.0,1.3	2.0,0.0,0.0,0.0,0.0,1.0
0.0,0.4,0.2,0.2,0.0,2.3	0.0,1.0,0.0,0.0,0.0,0.0
0.0,0.0,0.0,1.0,0.0,1.4	0.0,0.0,0.0,1.0,0.0,0.0
1.6,0.3,0.0,0.0,0.2,2.4	2.0,0.0,0.0,0.0,0.0,2.0
0.0,0.0,0.0,1.1,0.0,1.4	0.0,0.0,0.0,1.0,0.0,1.0
0.0,1.3,0.0,0.0,0.0,2.1	0.0,2.0,0.0,0.0,0.0,3.0
0.0,0.0,0.0,0.1,1.2,1.7	0.0,0.0,0.0,0.0,2.0,2.0
0.0,1.15714285714,0.0,0.0,0.0,3.3	0.0,1.0,0.0,0.0,0.0,3.0
1.15,0.0,0.0,0.0,0.0,3.1	2.0,0.0,0.0,0.0,0.0,3.0
1.4,0.0,0.0,0.0,0.0,1.9	1.0,0.0,0.0,0.0,0.0,2.0
0.0,0.0,1.4,0.0,0.0,2.0	0.0,0.0,1.0,0.0,0.0,2.0
0.0,0.0,1.5,0.0,0.0,1.9	0.0,0.0,1.0,0.0,0.0,1.0
0.0,0.0,0.1,0.0,0.0,3.4	0.0,0.0,0.0,0.0,0.0,2.0
0.0,0.0,1.4,0.0,0.0,1.3	0.0,0.0,1.0,0.0,0.0,4.0
1.0,0.0,0.0,0.0,0.0,2.0	1.0,0.0,0.0,0.0,0.0,2.0
0.0,0.0,0.0,0.0,0.0,3.1	0.0,0.0,0.0,0.0,0.0,4.0
2.0,0.0,0.0,0.0,0.0,0.9	2.0,0.0,0.0,0.0,0.0,0.0
0.0,1.3,0.0,0.0,0.0,1.8	0.0,2.0,0.0,0.0,0.0,2.0
0.0,0.0,0.0,0.0,0.0,2.38333333333	0.0,0.0,0.0,0.0,0.0,3.0
0.0,0.0,0.0,1.16,0.0,1.67	0.0,0.0,0.0,1.0,0.0,1.0
0.0,0.0,0.0,0.0,1.4,2.4	0.0,0.0,0.0,0.0,1.0,0.0
0.0,0.0,0.0,0.0,0.0,2.55666666667	0.0,0.0,0.0,0.0,0.0,3.0
0.0,0.0,1.55333333333,0.0,0.0,2.10666666667	0.0,0.0,2.0,0.0,0.0,3.0
0.0,1.16666666667,0.0,0.0,0.0,1.58333333333	0.0,1.0,0.0,0.0,0.0,1.0
0.0,0.0,0.0,0.0,0.0,3.5	0.0,0.0,0.0,0.0,0.0,7.0
1.0,0.0,0.0,0.0,0.0,1.6	1.0,0.0,0.0,0.0,0.0,4.0
1.06976249189,0.0,0.0,0.0,0.0,1.28696086662	2.0,0.0,0.0,0.0,0.0,0.0
1.13333333333,0.0,0.0,0.0,0.0,1.43333333333	2.0,0.0,0.0,0.0,0.0,2.0
0.0,0.0,2.2,0.0,0.0,3.7	0.0,0.0,2.0,0.0,0.0,2.0
1.0,0.0,0.0,0.0,0.0,0.916666666667	1.0,0.0,0.0,0.0,0.0,0.0
0.0,0.2,0.5,0.5,0.0,2.2	0.0,0.0,0.0,1.0,0.0,2.0
1.0,0.0,0.0,0.0,0.8,2.1	1.0,0.0,0.0,0.0,1.0,1.0
0.0,0.0,0.0,0.0,1.9,2.6	0.0,0.0,0.0,0.0,1.0,2.0
0.0,1.2,0.0,0.0,0.0,1.6	0.0,1.0,0.0,0.0,0.0,1.0
0.0,0.0,1.6,0.0,0.0,1.6	0.0,0.0,4.0,0.0,0.0,0.0
0.0,0.0,0.0,0.0,1.25634749753,2.98127819549	0.0,0.0,0.0,0.0,1.0,2.0
0.0,1.1,0.0,0.0,0.0,1.03333333333	0.0,2.0,0.0,0.0,0.0,0.0
0.0,1.0,0.0,0.0,0.0,2.38	0.0,1.0,0.0,0.0,0.0,2.0
0.0,0.0,0.0,0.0,1.0,0.7	0.0,0.0,0.0,0.0,1.0,0.0
0.0,1.0,0.0,0.0,0.0,2.6	0.0,1.0,0.0,0.0,0.0,2.0
0.0,0.0,1.3,0.0,0.0,2.2	0.0,0.0,2.0,0.0,0.0,3.0
0.0,0.0,0.0,0.0,1.1,4.0	0.0,0.0,0.0,0.0,2.0,3.0
0.0,0.0,0.0,1.1,0.0,1.0	0.0,0.0,0.0,1.0,0.0,3.0
0.0,0.0,1.5,0.0,0.0,1.8	0.0,0.0,1.0,0.0,0.0,1.0
0.0,0.0,0.0,0.0,1.0,0.6	0.0,0.0,0.0,0.0,1.0,1.0
0.0,1.22333333333,0.0,0.0,0.0,3.02	0.0,1.0,0.0,0.0,0.0,3.0
0.0,0.0,1.0,0.9,0.1,1.3	0.0,0.0,1.0,1.0,0.0,0.0
0.0,0.0,0.0,0.0,1.1,1.5	0.0,0.0,0.0,0.0,1.0,2.0
0.0,0.0,0.0,0.0,1.2,1.7	0.0,0.0,0.0,0.0,1.0,2.0
0.0,0.0,0.0,0.1,1.13333333333,1.0	0.0,0.0,0.0,0.0,1.0,2.0
0.0,0.0,0.0,1.0,0.0,1.1	0.0,0.0,0.0,1.0,0.0,1.0
0.0,0.0,0.0,0.0,0.0,3.8	0.0,0.0,0.0,0.0,0.0,2.0
0.0,0.0,1.0,0.0,0.0,0.829166666667	0.0,0.0,2.0,0.0,0.0,0.0
0.1,0.0,0.3,0.0,1.86666666667,4.33333333333	0.0,0.0,0.0,0.0,3.0,4.0
0.0,1.1,0.0,0.0,0.0,2.3	0.0,2.0,0.0,0.0,0.0,1.0
0.0,0.0,0.0,0.0,1.22651515152,1.62601010101	0.0,0.0,0.0,0.0,1.0,1.0
1.0,0.0,0.0,0.1,0.0,1.1	1.0,0.0,0.0,0.0,0.0,1.0
1.3,0.0,0.0,0.0,0.0,3.1	2.0,0.0,0.0,0.0,0.0,4.0
0.0,0.0,0.0,1.9,0.0,4.26666666667	0.0,0.0,0.0,1.0,0.0,3.0
1.0,0.0,0.0,0.0,0.0,0.7	1.0,0.0,0.0,0.0,0.0,3.0
0.0,0.0,0.0,0.0,1.4,1.1125	0.0,0.0,0.0,0.0,2.0,1.0
1.2,0.5,0.0,0.0,0.0,1.9	1.0,1.0,0.0,0.0,0.0,1.0
0.0,0.0,0.0,2.0,0.0,2.84166666667	0.0,0.0,0.0,1.0,0.0,3.0
0.0,0.0,0.0,0.0,1.65833333333,5.41388888889	0.0,0.0,0.0,0.0,1.0,6.0
0.0,1.2,0.0,0.0,0.0,2.8	0.0,1.0,0.0,0.0,0.0,0.0
0.0,0.0,0.0,1.3,0.0,2.3	0.0,0.0,0.0,1.0,0.0,3.0
0.0,0.0,0.0,0.0,1.1,1.1	0.0,0.0,0.0,0.0,1.0,0.0
1.7,0.0,0.0,0.0,0.0,2.7	2.0,0.0,0.0,0.0,0.0,1.0
0.0,0.0,0.0,1.0,0.0,0.9	0.0,0.0,0.0,1.0,0.0,0.0
0.0,0.0,1.4,0.0,0.0,1.0	0.0,0.0,1.0,0.0,0.0,2.0
0.0,1.4,0.0,0.0,0.0,4.4	0.0,2.0,0.0,0.0,0.0,3.0
1.3,0.0,0.0,0.0,0.0,2.8	1.0,0.0,0.0,0.0,0.0,2.0
0.0,0.0,0.0,0.0,1.3,4.6	0.0,0.0,0.0,0.0,1.0,0.0
0.0,0.0,0.0,0.0,1.1,1.2	0.0,0.0,0.0,0.0,2.0,3.0
0.0,0.0,2.0,0.0,0.0,4.6	0.0,0.0,1.0,0.0,0.0,5.0
0.0,0.0,1.1,0.0,0.0,1.1	0.0,0.0,1.0,0.0,0.0,1.0
0.0,0.0,0.0,0.0,0.0,1.8265530303	0.0,0.0,0.0,0.0,0.0,0.0
0.0,0.0,1.1,0.0,0.0,2.1	0.0,0.0,1.0,0.0,0.0,3.0
0.0,1.2,0.0,0.0,0.0,0.3	0.0,2.0,0.0,0.0,0.0,1.0
0.0,1.0,0.0,0.8,0.2,1.1	0.0,1.0,0.0,1.0,0.0,3.0
0.0,0.0,0.0,0.0,0.0,3.2	0.0,0.0,0.0,0.0,0.0,4.0
0.0,0.0,0.0,0.0,1.5,3.1	0.0,0.0,0.0,0.0,2.0,3.0
0.0,0.0,1.2,0.0,0.0,1.7	0.0,0.0,2.0,0.0,0.0,0.0
1.3,0.0,0.0,0.0,0.0,3.6	2.0,0.0,0.0,0.0,0.0,4.0
0.0,1.4,0.0,0.0,0.0,1.35	0.0,1.0,0.0,0.0,0.0,3.0
0.0,0.0,1.3,0.9,0.0,1.5	0.0,0.0,1.0,1.0,0.0,2.0
0.0,0.0,0.0,0.0,1.9,2.8	0.0,0.0,0.0,0.0,1.0,1.0
0.0,0.0,1.0,0.0,0.0,1.1	0.0,0.0,1.0,0.0,0.0,2.0
0.0,1.2,0.0,0.0,0.2,2.4	0.0,1.0,0.0,0.0,0.0,2.0
0.0,0.0,0.0,0.0,0.0,2.4	0.0,0.0,0.0,0.0,0.0,1.0
1.5,0.0,0.0,0.0,0.0,1.9	2.0,0.0,0.0,0.0,0.0,0.0
0.0,0.0,1.6,0.0,0.0,1.6	0.0,0.0,2.0,0.0,0.0,5.0
1.0,0.0,0.0,0.0,0.0,0.7	1.0,0.0,0.0,0.0,0.0,0.0
0.0,0.0,1.0,0.0,0.0,1.73626262626	0.0,0.0,1.0,0.0,0.0,3.0
0.0,1.2,0.0,0.0,0.1,1.4	0.0,1.0,0.0,0.0,0.0,2.0
0.0,0.0,0.0,0.0,1.9,5.0	0.0,0.0,0.0,0.0,4.0,2.0
1.5,0.0,0.0,0.0,0.0,4.1	1.0,0.0,0.0,0.0,0.0,5.0
0.0,1.2,0.0,0.0,0.0,1.0	0.0,1.0,0.0,0.0,0.0,1.0
0.1,0.0,0.0,0.0,1.73333333333,4.55555555556	0.0,0.0,0.0,0.0,2.0,5.0
0.0,0.0,0.0,0.0,0.0,3.6	0.0,0.0,0.0,0.0,0.0,5.0
0.0,1.0,0.0,0.0,0.0,1.2	0.0,1.0,0.0,0.0,0.0,1.0
0.0,0.0,0.0,0.0,0.0,5.0	0.0,0.0,0.0,0.0,0.0,5.0
0.0,0.0,0.0,0.0,1.3,3.3	0.0,0.0,0.0,0.0,1.0,1.0
0.0,1.1,0.0,0.0,0.0,2.1	0.0,1.0,0.0,0.0,0.0,2.0
0.2,0.0,0.0,0.0,2.1,5.0	0.0,0.0,0.0,0.0,2.0,4.0
1.0,0.0,0.0,0.0,0.0,0.7	1.0,0.0,0.0,0.0,0.0,0.0
0.0,0.0,0.0,1.3,0.0,1.2	0.0,0.0,0.0,1.0,0.0,1.0
1.0,0.0,0.3,0.0,1.2,1.83333333333	1.0,0.0,0.0,0.0,1.0,4.0
1.1,0.0,0.0,0.0,0.0,1.0	2.0,0.0,0.0,0.0,0.0,2.0
0.0,0.0,0.0,0.0,1.27777777778,4.31666666667	0.0,0.0,0.0,0.0,2.0,5.0
0.0,1.1,0.0,0.0,0.0,1.6	0.0,2.0,0.0,0.0,0.0,2.0
0.0,0.0,0.0,0.0,1.2,1.5375	0.0,0.0,0.0,0.0,1.0,1.0
0.0,0.0,1.3,0.0,0.0,3.1	0.0,0.0,1.0,0.0,0.0,4.0
0.0,0.0,0.0,0.0,1.5,3.51666666667	0.0,0.0,0.0,0.0,1.0,1.0
0.0,1.2,0.0,0.0,0.0,1.3	0.0,1.0,0.0,0.0,0.0,0.0
0.0,0.0,0.0,0.0,0.0,2.9	0.0,0.0,0.0,0.0,0.0,3.0
0.0,0.0,0.0,0.6,1.1,1.8	0.0,0.0,0.0,1.0,1.0,2.0
0.0,0.0,0.0,0.0,1.0,2.3	0.0,0.0,0.0,0.0,1.0,2.0
0.0,0.0,0.0,0.0,0.0,2.2	0.0,0.0,0.0,0.0,0.0,2.0
0.0,0.0,2.0,0.0,0.0,4.0	0.0,0.0,2.0,0.0,0.0,4.0
0.0,0.0,0.0,0.0,0.0,3.5	0.0,0.0,0.0,0.0,0.0,3.0
1.1,0.0,0.0,0.0,0.0,0.7	1.0,0.0,0.0,0.0,0.0,1.0
1.0,0.1,0.0,0.0,1.0,1.7	1.0,0.0,0.0,0.0,1.0,0.0
1.9,0.0,0.0,0.0,0.0,1.7	1.0,0.0,0.0,0.0,0.0,1.0
0.0,0.0,1.5,0.0,0.0,2.6	0.0,0.0,1.0,0.0,0.0,4.0
0.0,0.0,1.3,0.0,0.0,1.1	0.0,0.0,1.0,0.0,0.0,3.0
0.0,0.0,0.0,0.0,1.6,3.2	0.0,0.0,0.0,0.0,2.0,4.0
0.0,0.0,0.0,0.0,0.0,3.0	0.0,0.0,0.0,0.0,0.0,3.0
0.0,0.0,0.0,0.0,1.0,0.9	0.0,0.0,0.0,0.0,1.0,2.0
0.0,0.0,1.5,0.0,0.0,2.0	0.0,0.0,1.0,0.0,0.0,1.0
1.3,0.1,0.0,0.0,0.0,4.0	2.0,0.0,0.0,0.0,0.0,3.0
0.0,0.0,0.0,1.0,0.0,0.8	0.0,0.0,0.0,1.0,0.0,1.0
0.0,0.0,2.2,0.0,0.0,3.9	0.0,0.0,1.0,0.0,0.0,5.0
0.0,1.1,0.0,0.0,0.7,1.2	0.0,1.0,0.0,0.0,1.0,2.0
0.0,0.0,1.4,0.0,0.0,0.6	0.0,0.0,1.0,0.0,0.0,3.0
0.0,0.0,0.0,1.1,0.0,2.2	0.0,0.0,0.0,1.0,0.0,1.0
0.0,0.0,1.03333333333,0.0,0.0,1.5	0.0,0.0,1.0,0.0,0.0,2.0
0.0,0.0,0.0,0.1,0.0,3.7	0.0,0.0,0.0,0.0,0.0,5.0
1.08666666667,0.0,0.0,0.0,0.0,1.16333333333	1.0,0.0,0.0,0.0,0.0,1.0
0.0,1.64480519481,0.0,0.0,0.0,0.968181818182	0.0,1.0,0.0,0.0,0.0,1.0
0.0,0.0,0.1,0.0,1.2,2.8	0.0,0.0,0.0,0.0,2.0,2.0
0.0,0.0,0.0,0.0,0.0,1.4	0.0,0.0,0.0,0.0,0.0,4.0
0.0,0.0,0.0,1.3,0.0,1.0	0.0,0.0,0.0,1.0,0.0,0.0
0.0,2.2,0.0,0.0,0.0,5.0	0.0,1.0,0.0,0.0,0.0,6.0
0.0,1.1,0.0,0.0,0.0,1.04	0.0,1.0,0.0,0.0,0.0,4.0
0.0,0.0,0.0,0.9,0.0,2.0	0.0,0.0,0.0,1.0,0.0,4.0
0.0,0.0,0.0,1.0,0.0,2.2	0.0,0.0,0.0,1.0,0.0,3.0
0.0,0.0,0.0,0.6,1.2,2.3	0.0,0.0,0.0,1.0,1.0,0.0
0.0,0.0,1.2,0.0,0.0,1.4	0.0,0.0,1.0,0.0,0.0,4.0
0.0,1.2,0.0,0.0,0.0,2.1	0.0,2.0,0.0,0.0,0.0,3.0
0.0,1.0,0.0,0.0,0.0,0.4	0.0,2.0,0.0,0.0,0.0,1.0
1.3,0.6,0.0,0.0,0.0,2.13333333333	1.0,1.0,0.0,0.0,0.0,2.0
0.0,0.0,1.1,0.0,0.0,1.1	0.0,0.0,1.0,0.0,0.0,1.0
1.2,0.0,0.0,0.0,0.0,1.8	2.0,0.0,0.0,0.0,0.0,3.0
0.0,1.4,0.0,0.0,0.0,0.9	0.0,1.0,0.0,0.0,0.0,3.0
1.0,0.0,0.0,0.0,0.0,1.3	1.0,0.0,0.0,0.0,0.0,2.0
0.0,1.0,0.0,0.0,0.0,1.1	0.0,1.0,0.0,0.0,0.0,0.0
1.0,0.0,0.0,0.1,0.0,0.904545454545	1.0,0.0,0.0,0.0,0.0,1.0
0.0,0.0,0.0,0.0,1.3,1.7	0.0,0.0,0.0,0.0,1.0,1.0
0.0,1.13333333333,0.0,0.0,0.0,3.2	0.0,1.0,0.0,0.0,0.0,4.0
0.0,0.0,1.0,0.0,0.0,2.0	0.0,0.0,1.0,0.0,0.0,2.0
0.0,0.0,0.0,1.0,0.0,1.2	0.0,0.0,0.0,1.0,0.0,0.0
0.0,0.0,1.1,0.0,0.6,0.9	0.0,0.0,1.0,0.0,1.0,0.0
0.0,0.0,0.0,1.1,0.0,1.8	0.0,0.0,0.0,2.0,0.0,1.0
1.8,0.0,0.0,0.0,0.0,4.4	3.0,0.0,0.0,0.0,0.0,6.0
0.0,0.0,0.0,1.3,0.0,1.8	0.0,0.0,0.0,1.0,0.0,2.0
0.0,0.0,0.0,2.0,0.0,2.6	0.0,0.0,0.0,1.0,0.0,4.0
0.0,1.3,0.0,0.0,0.0,1.7	0.0,2.0,0.0,0.0,0.0,0.0
0.0,0.0,0.0,0.0,0.0,3.5	0.0,0.0,0.0,0.0,0.0,3.0
0.0,1.3,0.0,0.0,0.0,1.0	0.0,2.0,0.0,0.0,0.0,3.0
0.0,0.0,0.0,0.0,1.2,1.1	0.0,0.0,0.0,0.0,1.0,1.0
0.0,0.0,0.0,2.1,0.0,4.7	0.0,0.0,0.0,2.0,0.0,4.0
0.0,0.0,0.0,1.1,0.0,2.8	0.0,0.0,0.0,1.0,0.0,3.0
0.0,1.1,0.0,0.0,0.0,1.8	0.0,1.0,0.0,0.0,0.0,4.0
0.0,0.0,0.0,1.02727272727,0.0,2.05454545455	0.0,0.0,0.0,1.0,0.0,4.0
1.5,0.0,0.0,0.0,0.0,1.9	2.0,0.0,0.0,0.0,0.0,1.0
0.0,1.1,0.0,0.0,0.0,1.75	0.0,1.0,0.0,0.0,0.0,1.0
0.0,1.2,0.0,0.0,0.0,2.6	0.0,2.0,0.0,0.0,0.0,2.0
0.0,0.0,0.0,1.3,0.0,1.6	0.0,0.0,0.0,1.0,0.0,3.0
0.0,0.0,1.06428571429,0.0,0.0,1.6019047619	0.0,0.0,1.0,0.0,0.0,2.0
0.0,0.0,0.0,0.0,1.0,2.85	0.0,0.0,0.0,0.0,1.0,4.0
0.0,0.0,0.0,0.0,1.13353896104,1.00642857143	0.0,0.0,0.0,0.0,1.0,1.0
0.0,1.03333333333,0.0,0.0,0.0,2.16666666667	0.0,1.0,0.0,0.0,0.0,2.0
0.0,0.0,0.0,0.0,1.0,0.7	0.0,0.0,0.0,0.0,1.0,0.0
0.0,0.0,0.0,0.0,1.2,2.6	0.0,0.0,0.0,0.0,1.0,2.0
0.0,0.0,0.0,0.0,0.0,3.7	0.0,0.0,0.0,0.0,0.0,1.0
0.0,0.0,0.0,0.0,1.1,1.7	0.0,0.0,0.0,0.0,2.0,3.0
0.0,1.3,0.0,0.0,0.0,1.7	0.0,2.0,0.0,0.0,0.0,3.0
1.2,0.0,0.0,0.0,0.0,1.81818181818	1.0,0.0,0.0,0.0,0.0,1.0
0.0,0.0,0.0,0.7,1.0,0.7	0.0,0.0,0.0,1.0,1.0,0.0
0.0,0.0,0.0,0.0,0.0,3.11666666667	0.0,0.0,0.0,0.0,0.0,2.0
0.0,0.0,1.6,0.0,0.0,2.7	0.0,0.0,2.0,0.0,0.0,1.0
0.0,0.0,0.0,0.0,1.2,1.7	0.0,0.0,0.0,0.0,1.0,1.0
0.0,0.0,0.0,1.6,0.0,2.7	0.0,0.0,0.0,1.0,0.0,3.0
0.0,0.0,1.1,0.1,0.0,3.0	0.0,0.0,1.0,0.0,0.0,4.0
2.0,0.1,0.0,0.0,0.0,3.1	1.0,0.0,0.0,0.0,0.0,5.0
0.0,1.2,0.0,0.0,0.1,1.9	0.0,1.0,0.0,0.0,0.0,0.0
0.0,0.0,0.0,0.0,1.1,1.5	0.0,0.0,0.0,0.0,2.0,0.0
0.0,0.0,0.0,1.6,0.0,3.6	0.0,0.0,0.0,1.0,0.0,0.0
1.0,0.0,0.0,0.0,0.0,1.2	1.0,0.0,0.0,0.0,0.0,1.0
0.9,0.0,0.4,0.0,0.6,2.1	1.0,0.0,1.0,0.0,1.0,2.0
0.0,1.0,0.0,0.0,0.0,0.8	0.0,1.0,0.0,0.0,0.0,0.0
0.0,0.0,0.0,0.0,0.0,3.5	0.0,0.0,0.0,0.0,0.0,2.0
0.0,0.0,0.0,0.0,1.1,1.1	0.0,0.0,0.0,0.0,2.0,0.0
0.0,0.0,0.0,0.0,1.25666666667,1.095	0.0,0.0,0.0,0.0,1.0,1.0
1.2,0.2,0.0,0.0,0.2,1.4	1.0,0.0,0.0,0.0,0.0,1.0
0.0,0.0,0.0,0.0,1.75,2.47	0.0,0.0,0.0,0.0,1.0,2.0
0.0,0.0,0.0,1.1,0.0,0.5	0.0,0.0,0.0,1.0,0.0,0.0
1.2,0.0,0.0,0.1,0.0,2.1	1.0,0.0,0.0,0.0,0.0,2.0
0.0,1.4,0.0,0.0,0.0,2.6	0.0,1.0,0.0,0.0,0.0,2.0
0.0,0.0,0.0,1.2,0.0,1.4	0.0,0.0,0.0,1.0,0.0,4.0
0.9,0.9,0.1,0.0,1.0,1.375	1.0,1.0,0.0,0.0,1.0,0.0
0.0,0.0,0.0,0.0,0.0,3.2	0.0,0.0,0.0,0.0,0.0,3.0
0.0,1.6,0.0,0.0,0.3,1.8	0.0,2.0,0.0,0.0,0.0,2.0
0.0,0.0,0.0,0.0,1.3,1.1	0.0,0.0,0.0,0.0,2.0,4.0
0.0,0.0,0.0,1.8,0.0,2.9	0.0,0.0,0.0,2.0,0.0,4.0
0.0,0.0,0.0,0.0,0.0,2.8	0.0,0.0,0.0,0.0,0.0,2.0
0.0,0.0,0.0,0.0,0.0,2.8	0.0,0.0,0.0,0.0,0.0,3.0
0.0,1.03511904762,0.0,0.0,0.0,0.783511904762	0.0,1.0,0.0,0.0,0.0,0.0
0.0,0.0,0.0,0.0,1.3,4.6	0.0,0.0,0.0,0.0,1.0,2.0
0.0,0.0,0.0,0.1,1.4,2.8	0.0,0.0,0.0,0.0,2.0,2.0
0.0,0.0,0.0,1.21428571429,0.0,1.64285714286	0.0,0.0,0.0,1.0,0.0,1.0
0.0,0.0,0.0,1.2,0.0,3.2	0.0,0.0,0.0,1.0,0.0,2.0
0.0,1.0,0.0,0.0,0.0,2.2	0.0,1.0,0.0,0.0,0.0,1.0
0.0,1.1,0.0,0.0,0.0,0.6	0.0,1.0,0.0,0.0,0.0,3.0
0.0,0.0,1.0,0.0,0.0,0.4	0.0,0.0,1.0,0.0,0.0,0.0
0.0,1.4,0.0,0.0,0.0,3.0	0.0,2.0,0.0,0.0,0.0,1.0
1.3,0.0,0.0,0.1,0.0,1.8	1.0,0.0,0.0,0.0,0.0,2.0
0.0,1.2,0.0,0.0,0.0,1.4	0.0,1.0,0.0,0.0,0.0,0.0
0.0,0.0,1.86666666667,0.0,0.0,2.9	0.0,0.0,2.0,0.0,0.0,4.0
0.0,1.0,0.0,0.0,0.0,1.69614607615	0.0,1.0,0.0,0.0,0.0,4.0
1.1,0.0,0.0,0.0,0.0,0.6	2.0,0.0,0.0,0.0,0.0,2.0
0.0,0.0,0.0,1.76666666667,0.0,5.0	0.0,0.0,0.0,3.0,0.0,0.0
0.0,0.0,1.0,0.0,0.0,0.669166666667	0.0,0.0,1.0,0.0,0.0,1.0
1.8,0.0,0.0,0.0,0.0,4.1	2.0,0.0,0.0,0.0,0.0,3.0
0.0,1.1,0.0,0.0,0.0,2.1	0.0,2.0,0.0,0.0,0.0,2.0
0.0,0.0,1.16666666667,0.0,0.0,1.86666666667	0.0,0.0,1.0,0.0,0.0,2.0
0.0,1.1,0.0,0.0,0.0,2.3	0.0,1.0,0.0,0.0,0.0,3.0
0.0,1.3,0.0,0.0,0.0,0.6	0.0,1.0,0.0,0.0,0.0,2.0
0.0,0.0,1.0,0.0,0.0,0.4	0.0,0.0,1.0,0.0,0.0,0.0
1.7,0.0,0.0,0.0,0.0,1.34444444444	1.0,0.0,0.0,0.0,0.0,3.0
0.0,0.0,0.0,1.1,0.0,0.8	0.0,0.0,0.0,1.0,0.0,0.0
0.0,0.0,1.2,0.0,0.0,1.9	0.0,0.0,3.0,0.0,0.0,4.0
0.0,0.0,0.0,1.1,0.0,0.6	0.0,0.0,0.0,1.0,0.0,1.0
0.0,0.0,0.0,1.8,0.0,2.5	0.0,0.0,0.0,2.0,0.0,3.0
0.0,0.0,0.0,0.0,1.1,1.6	0.0,0.0,0.0,0.0,2.0,2.0
1.2202020202,0.0,0.0,0.0,0.0,3.29823232323	1.0,0.0,0.0,0.0,0.0,3.0
0.0,0.0,0.0,0.0,0.0,2.3	0.0,0.0,0.0,0.0,0.0,2.0
1.1,0.0,0.7,0.0,0.0,1.4	1.0,0.0,1.0,0.0,0.0,1.0
0.0,0.0,0.0,0.0,0.0,3.6	0.0,0.0,0.0,0.0,0.0,2.0
0.0,0.0,0.0,1.1,1.1,2.1	0.0,0.0,0.0,2.0,2.0,2.0
0.0,0.0,0.0,0.0,0.0,2.2	0.0,0.0,0.0,0.0,0.0,2.0
0.0,0.0,0.0,0.0,1.0,0.4	0.0,0.0,0.0,0.0,1.0,0.0
0.0,0.0,0.0,0.0,0.0,4.0	0.0,0.0,0.0,0.0,0.0,5.0
0.0,0.0,0.0,0.0,0.0,3.2	0.0,0.0,0.0,0.0,0.0,4.0
0.0,1.2,0.0,0.0,0.1,1.6	0.0,1.0,0.0,0.0,0.0,0.0
0.0,0.0,1.2,0.0,0.0,1.1	0.0,0.0,1.0,0.0,0.0,2.0
1.4,0.1,0.0,0.0,0.0,2.8	1.0,0.0,0.0,0.0,0.0,1.0
0.0,0.0,1.0,1.0,0.0,0.8	0.0,0.0,1.0,1.0,0.0,1.0
0.0,0.0,0.0,0.0,1.3,2.8	0.0,0.0,0.0,0.0,1.0,3.0
0.0,1.0,0.0,0.0,0.0,1.9	0.0,1.0,0.0,0.0,0.0,2.0
0.0,0.0,1.3,0.0,0.0,1.2	0.0,0.0,1.0,0.0,0.0,0.0
1.4,0.0,0.0,0.0,0.0,1.5	2.0,0.0,0.0,0.0,0.0,0.0
0.0,0.0,0.0,1.0,0.0,0.2	0.0,0.0,0.0,1.0,0.0,0.0
0.0,0.0,0.0,1.1,0.0,0.65	0.0,0.0,0.0,1.0,0.0,2.0
0.0,0.0,0.1,0.0,1.47422600619,2.22760577915	0.0,0.0,0.0,0.0,1.0,1.0
0.0,0.0,0.0,0.0,0.0,3.6	0.0,0.0,0.0,0.0,0.0,4.0
1.405,0.0,0.0,0.0,0.0,1.395	2.0,0.0,0.0,0.0,0.0,0.0
0.0,1.0,1.0,0.0,0.0,2.0	0.0,1.0,1.0,0.0,0.0,1.0
0.0,1.0,0.0,0.0,0.0,2.7	0.0,1.0,0.0,0.0,0.0,3.0
1.1,0.0,0.0,0.0,0.0,1.8	1.0,0.0,0.0,0.0,0.0,1.0
0.0,0.0,0.0,1.4,0.0,1.8	0.0,0.0,0.0,1.0,0.0,2.0
0.0,0.0,0.0,0.0,0.0,3.2	0.0,0.0,0.0,0.0,0.0,5.0
0.0,0.0,0.0,1.3,0.0,3.2	0.0,0.0,0.0,2.0,0.0,1.0
0.0,0.0,1.0,0.0,0.0,2.3	0.0,0.0,1.0,0.0,0.0,2.0
0.0,0.0,0.0,1.3,0.0,1.9	0.0,0.0,0.0,1.0,0.0,4.0
0.0,1.4,0.0,0.0,0.1,2.4	0.0,1.0,0.0,0.0,0.0,2.0
0.0,0.0,0.0,1.1,0.0,2.6	0.0,0.0,0.0,2.0,0.0,2.0
0.0,0.0,1.1,0.0,0.0,2.00909090909	0.0,0.0,1.0,0.0,0.0,2.0
0.0,0.0,0.0,1.1,0.0,2.9	0.0,0.0,0.0,1.0,0.0,4.0
0.0,1.0,0.0,0.0,0.0,1.5	0.0,1.0,0.0,0.0,0.0,0.0
0.0,0.0,0.0,1.3,0.1,1.7	0.0,0.0,0.0,1.0,0.0,4.0
0.0,0.0,1.0,0.0,0.0,1.7	0.0,0.0,1.0,0.0,0.0,0.0
0.0,0.0,0.0,0.0,0.0,3.2	0.0,0.0,0.0,0.0,0.0,2.0
0.0,0.0,0.0,0.0,0.0,2.7	0.0,0.0,0.0,0.0,0.0,3.0
0.0,1.1,0.0,0.0,0.0,1.8	0.0,1.0,0.0,0.0,0.0,3.0
0.0,0.0,0.0,0.0,0.0,2.3	0.0,0.0,0.0,0.0,0.0,2.0
0.0,0.0,0.0,0.0,1.35929411765,2.09159358289	0.0,0.0,0.0,0.0,1.0,4.0
0.0,0.0,1.0,0.0,0.0,0.1	0.0,0.0,1.0,0.0,0.0,0.0
0.0,0.0,0.0,1.93371212121,0.0,2.13295454545	0.0,0.0,0.0,1.0,0.0,3.0
0.0,0.0,0.0,0.0,0.0,3.6	0.0,0.0,0.0,0.0,0.0,3.0
0.0,0.0,0.0,1.0,0.0,0.866666666667	0.0,0.0,0.0,1.0,0.0,1.0
0.0,0.0,1.0,1.0,0.1,0.7	0.0,0.0,1.0,1.0,0.0,3.0
0.0,1.4,0.0,0.0,0.0,1.7	0.0,2.0,0.0,0.0,0.0,3.0
0.0,0.0,1.68,0.0,0.0,1.92	0.0,0.0,1.0,0.0,0.0,4.0
0.0,0.0,0.0,0.0,0.0,3.1	0.0,0.0,0.0,0.0,0.0,1.0
1.0,1.0,0.0,0.0,0.0,1.3	1.0,1.0,0.0,0.0,0.0,3.0
0.0,0.0,0.0,0.0,0.0,4.5	0.0,0.0,0.0,0.0,0.0,4.0
1.2,0.0,0.0,0.5,0.0,1.1	1.0,0.0,0.0,2.0,0.0,1.0
0.0,0.0,0.0,1.225,0.0,3.45	0.0,0.0,0.0,1.0,0.0,2.0
0.0,0.0,0.0,0.0,0.0,2.8	0.0,0.0,0.0,0.0,0.0,2.0
0.0,0.0,1.3,0.0,0.0,1.3	0.0,0.0,1.0,0.0,0.0,2.0
0.0,0.0,1.4,0.0,0.0,1.4	0.0,0.0,2.0,0.0,0.0,3.0
0.0,0.0,0.0,0.0,0.0,1.8265530303	0.0,0.0,0.0,0.0,0.0,2.0
0.0,0.0,1.4,0.0,0.0,3.5	0.0,0.0,2.0,0.0,0.0,3.0
0.0,0.0,0.0,0.0,1.8,2.3	0.0,0.0,0.0,0.0,2.0,2.0
0.0,0.0,0.0,1.0,0.0,1.5	0.0,0.0,0.0,1.0,0.0,1.0
0.0,1.2,0.0,0.0,0.0,2.4	0.0,1.0,0.0,0.0,0.0,4.0
1.33333333333,0.0,0.0,0.0,0.0,1.56166666667	1.0,0.0,0.0,0.0,0.0,1.0
1.6,0.0,0.0,0.0,0.0,1.0	1.0,0.0,0.0,0.0,0.0,0.0
1.0,0.0,0.0,0.0,0.0,0.773560606061	1.0,0.0,0.0,0.0,0.0,2.0
0.0,1.9,0.0,0.0,0.0,3.9	0.0,3.0,0.0,0.0,0.0,3.0
1.0,0.0,0.0,0.0,0.0,1.5	1.0,0.0,0.0,0.0,0.0,3.0
0.0,0.0,0.0,1.4,0.0,3.2	0.0,0.0,0.0,1.0,0.0,4.0
0.0,1.3,0.0,0.0,0.0,1.9	0.0,2.0,0.0,0.0,0.0,2.0
0.0,0.0,1.6,0.0,0.0,3.4	0.0,0.0,2.0,0.0,0.0,2.0
0.0,0.0,0.0,1.3,0.0,3.1	0.0,0.0,0.0,2.0,0.0,2.0
0.0,0.0,0.0,0.0,1.3,1.2	0.0,0.0,0.0,0.0,1.0,2.0
0.0,1.0,0.0,0.0,0.0,2.5	0.0,1.0,0.0,0.0,0.0,3.0
1.2,0.0,0.0,0.0,0.0,2.9	2.0,0.0,0.0,0.0,0.0,3.0
0.0,0.0,0.0,0.0,0.0,3.1	0.0,0.0,0.0,0.0,0.0,2.0
0.0,0.0,0.0,1.33333333333,0.0,1.0	0.0,0.0,0.0,1.0,0.0,2.0
0.0,0.0,1.2,0.0,0.0,0.4	0.0,0.0,1.0,0.0,0.0,1.0
0.0,0.0,0.0,0.0,0.0,5.41428571429	0.0,0.0,0.0,0.0,0.0,6.0
0.0,1.3,0.0,0.0,0.0,3.3	0.0,1.0,0.0,0.0,0.0,2.0
0.0,1.1,0.0,0.0,0.0,1.0	0.0,1.0,0.0,0.0,0.0,0.0
0.0,0.0,0.0,1.8,0.0,4.9	0.0,0.0,0.0,1.0,0.0,5.0
0.0,1.1,0.0,0.0,0.0,2.5	0.0,1.0,0.0,0.0,0.0,3.0
0.0,1.1,0.0,0.0,0.0,1.5	0.0,1.0,0.0,0.0,0.0,3.0
0.0,2.4,0.0,0.0,0.0,4.8	0.0,3.0,0.0,0.0,0.0,6.0
0.0,0.0,1.3,0.0,0.0,1.2	0.0,0.0,1.0,0.0,0.0,1.0
0.0,0.0,0.0,1.3,0.0,1.9	0.0,0.0,0.0,1.0,0.0,2.0
0.0,0.0,0.0,0.0,0.0,3.5	0.0,0.0,0.0,0.0,0.0,4.0
0.0,0.0,0.0,0.0,0.0,1.9	0.0,0.0,0.0,0.0,0.0,4.0
0.0,0.0,0.0,0.0,2.2,4.3	0.0,0.0,0.0,0.0,4.0,2.0
0.0,0.0,0.0,1.1,0.0,2.6	0.0,0.0,0.0,1.0,0.0,1.0
0.0,1.6,0.0,0.0,0.0,1.2	0.0,1.0,0.0,0.0,0.0,2.0
0.0,0.0,0.0,0.0,1.0,2.85	0.0,0.0,0.0,0.0,1.0,2.0
0.0,0.0,0.0,0.0,0.0,4.6	0.0,0.0,0.0,0.0,0.0,5.0
0.0,1.0,0.0,0.0,0.0,1.1	0.0,1.0,0.0,0.0,0.0,0.0
0.0,0.0,1.5,0.0,0.0,2.2	0.0,0.0,1.0,0.0,0.0,3.0
0.0,0.0,0.0,0.1,1.0,0.9	0.0,0.0,0.0,0.0,1.0,3.0
1.0,1.0,0.0,0.0,0.0,3.2	2.0,2.0,0.0,0.0,0.0,3.0
0.0,0.0,0.0,0.0,0.0,2.3	0.0,0.0,0.0,0.0,0.0,1.0
0.0,0.0,1.0,0.1,0.0,2.4	0.0,0.0,2.0,0.0,0.0,1.0
0.0,0.0,0.0,0.0,0.0,3.7	0.0,0.0,0.0,0.0,0.0,5.0
0.0,0.0,1.5,0.0,0.2,0.9	0.0,0.0,1.0,0.0,1.0,3.0
0.0,0.0,1.2,0.0,0.0,2.0	0.0,0.0,1.0,0.0,0.0,3.0
0.0,0.0,0.0,0.0,0.0,3.5	0.0,0.0,0.0,0.0,0.0,2.0
